Vertex Count: 708

Data:

-0 41.5787 -9.91007 0.147216 0.159138 0 -0.669943 -0.742412
0.568834 41.3606 -9.71327 0.160634 0.164315 0 -0.669943 -0.742412
-0 41.3606 -9.71327 0.147216 0.164315 0 -0.669942 -0.742413
0.568834 41.5787 -9.91007 0.160634 0.159138 0 -0.669944 -0.742411
0.568834 41.3606 -9.71327 0.160634 0.164315 0 -0.669943 -0.742412
-0 41.5787 -9.91007 0.147216 0.159138 0 -0.669943 -0.742412
-0 44.9583 -9.30199 0.147221 0.091027 2e-06 0.980643 -0.195805
0.44905 45.0833 -8.67633 0.15781 0.08245 2e-06 0.980643 -0.195805
0.568834 44.9583 -9.30199 0.160634 0.091027 0 0.980643 -0.195804
-0 45.0833 -8.67634 0.147221 0.082451 3e-06 0.980643 -0.195805
0.44905 45.0833 -8.67633 0.15781 0.08245 2e-06 0.980643 -0.195805
-0 44.9583 -9.30199 0.147221 0.091027 2e-06 0.980643 -0.195805
-0 41.3606 -9.71327 0.147216 0.164315 0 -0.972306 -0.233712
0.44905 41.2153 -9.10893 0.15781 0.173363 0 -0.972306 -0.233712
-0 41.2153 -9.10893 0.147221 0.173363 2e-06 -0.972305 -0.233714
0.568834 41.3606 -9.71327 0.160634 0.164315 -2e-06 -0.972306 -0.233711
0.44905 41.2153 -9.10893 0.15781 0.173363 0 -0.972306 -0.233712
-0 41.3606 -9.71327 0.147216 0.164315 0 -0.972306 -0.233712
3.66005 41.3606 -9.71327 0.233524 0.164315 0.897983 -0.294012 -0.327389
3.83374 41.8022 -9.63346 0.23762 0.15949 0.897983 -0.294012 -0.327389
3.83374 41.2153 -9.10893 0.23762 0.173363 0.89766 -0.293667 -0.328581
3.66005 41.5787 -9.91007 0.233524 0.159138 0.898304 -0.294357 -0.326196
3.83374 41.8022 -9.63346 0.23762 0.15949 0.897983 -0.294012 -0.327389
3.66005 41.3606 -9.71327 0.233524 0.164315 0.897983 -0.294012 -0.327389
3.66005 44.704 -9.58483 0.233524 0.096983 0.886826 0.342639 -0.310061
3.83374 42.7697 -11.2257 0.237561 0.136317 0.886826 0.342639 -0.310061
3.66005 42.765 -11.7274 0.233419 0.136349 0.88677 0.342707 -0.310147
3.83374 44.3949 -9.42957 0.23762 0.098427 0.886882 0.342571 -0.309975
3.83374 42.7697 -11.2257 0.237561 0.136317 0.886826 0.342639 -0.310061
3.66005 44.704 -9.58483 0.233524 0.096983 0.886826 0.342639 -0.310061
3.66005 41.8582 -10.1623 0.233524 0.151994 0.843365 -0.468236 -0.26361
3.83374 42.7697 -11.2257 0.237561 0.136317 0.843365 -0.468236 -0.26361
3.83374 41.9989 -9.8119 0.23762 0.15481 0.858867 -0.449701 -0.245189
3.66005 42.765 -11.7274 0.233419 0.136349 0.827085 -0.486339 -0.281787
3.83374 42.7697 -11.2257 0.237561 0.136317 0.843365 -0.468236 -0.26361
3.66005 41.8582 -10.1623 0.233524 0.151994 0.843365 -0.468236 -0.26361
-0 44.9583 -9.30199 0.147221 0.091027 0 0.743628 -0.668594
0.568834 44.704 -9.58483 0.160634 0.096983 0 0.743628 -0.668594
0 44.704 -9.58483 0.147221 0.096983 0 0.743627 -0.668594
0.568834 44.9583 -9.30199 0.160634 0.091027 0 0.743628 -0.668594
0.568834 44.704 -9.58483 0.160634 0.096983 0 0.743628 -0.668594
-0 44.9583 -9.30199 0.147221 0.091027 0 0.743628 -0.668594
3.66005 44.9583 -9.30199 0.233524 0.091027 0.885944 0.343617 -0.311497
3.83374 44.3949 -9.42957 0.23762 0.098427 0.885944 0.343617 -0.311497
3.66005 44.704 -9.58483 0.233524 0.096983 0.887046 0.343319 -0.308678
3.83374 45.0833 -8.67633 0.23762 0.082451 0.884835 0.343911 -0.314314
3.83374 44.3949 -9.42957 0.23762 0.098427 0.885944 0.343617 -0.311497
3.66005 44.9583 -9.30199 0.233524 0.091027 0.885944 0.343617 -0.311497
3.66005 41.5787 -9.91007 0.233524 0.159138 0.898114 -0.295064 -0.326081
3.83374 41.9989 -9.8119 0.23762 0.15481 0.898114 -0.295064 -0.326081
3.83374 41.8022 -9.63346 0.23762 0.15949 0.898277 -0.295288 -0.325428
3.66005 41.8582 -10.1623 0.233524 0.151994 0.89795 -0.29484 -0.326734
3.83374 41.9989 -9.8119 0.23762 0.15481 0.898114 -0.295064 -0.326081
3.66005 41.5787 -9.91007 0.233524 0.159138 0.898114 -0.295064 -0.326081
0.866869 41.5787 -9.91007 0.167662 0.159137 0 -0.669944 -0.742411
0.568834 41.3606 -9.71327 0.160634 0.164315 0 -0.669944 -0.742411
0.568834 41.5787 -9.91007 0.160634 0.159138 0 -0.669944 -0.742412
0.866869 41.3606 -9.71327 0.167662 0.164315 0 -0.669945 -0.742411
0.568834 41.3606 -9.71327 0.160634 0.164315 0 -0.669944 -0.742411
0.866869 41.5787 -9.91007 0.167662 0.159137 0 -0.669944 -0.742411
0.986652 45.0833 -8.67633 0.170486 0.08245 0 0.980643 -0.195804
0.568834 44.9583 -9.30199 0.160634 0.091027 0 0.980643 -0.195804
0.44905 45.0833 -8.67633 0.15781 0.08245 0 0.980643 -0.195805
0.866869 44.9583 -9.30199 0.167662 0.091027 0 0.980643 -0.195804
0.568834 44.9583 -9.30199 0.160634 0.091027 0 0.980643 -0.195804
0.986652 45.0833 -8.67633 0.170486 0.08245 0 0.980643 -0.195804
0.866869 41.3606 -9.71327 0.167662 0.164315 0 -0.972306 -0.233711
0.44905 41.2153 -9.10893 0.15781 0.173363 0 -0.972306 -0.233711
0.568834 41.3606 -9.71327 0.160634 0.164315 0 -0.972306 -0.233711
0.986652 41.2153 -9.10893 0.170486 0.173363 0 -0.972306 -0.233711
0.44905 41.2153 -9.10893 0.15781 0.173363 0 -0.972306 -0.233711
0.866869 41.3606 -9.71327 0.167662 0.164315 0 -0.972306 -0.233711
0.866869 44.704 -9.58483 0.167662 0.096983 0 0.741452 -0.671006
0.568834 42.765 -11.7274 0.160619 0.136317 0 0.741452 -0.671006
0.568834 44.704 -9.58483 0.160634 0.096983 0 0.741452 -0.671006
0.866869 42.765 -11.7274 0.1677 0.136317 0 0.741452 -0.671006
0.568834 42.765 -11.7274 0.160619 0.136317 0 0.741452 -0.671006
0.866869 44.704 -9.58483 0.167662 0.096983 0 0.741452 -0.671006
0.866869 42.765 -11.7274 0.1677 0.136317 0 -0.865255 -0.501332
0.568834 41.8582 -10.1623 0.160634 0.151994 0 -0.865255 -0.501332
0.568834 42.765 -11.7274 0.160619 0.136317 0 -0.865255 -0.501332
0.866869 41.8582 -10.1623 0.167662 0.151994 0 -0.865255 -0.501332
0.568834 41.8582 -10.1623 0.160634 0.151994 0 -0.865255 -0.501332
0.866869 42.765 -11.7274 0.1677 0.136317 0 -0.865255 -0.501332
0.866869 44.9583 -9.30199 0.167662 0.091027 0 0.743628 -0.668594
0.568834 44.704 -9.58483 0.160634 0.096983 0 0.743628 -0.668594
0.568834 44.9583 -9.30199 0.160634 0.091027 0 0.743628 -0.668594
0.866869 44.704 -9.58483 0.167662 0.096983 0 0.743628 -0.668594
0.568834 44.704 -9.58483 0.160634 0.096983 0 0.743628 -0.668594
0.866869 44.9583 -9.30199 0.167662 0.091027 0 0.743628 -0.668594
0.866869 41.8582 -10.1623 0.167662 0.151994 0 -0.669942 -0.742414
0.568834 41.5787 -9.91007 0.160634 0.159138 0 -0.669942 -0.742414
0.568834 41.8582 -10.1623 0.160634 0.151994 0 -0.669942 -0.742414
0.866869 41.5787 -9.91007 0.167662 0.159137 0 -0.669942 -0.742413
0.568834 41.5787 -9.91007 0.160634 0.159138 0 -0.669942 -0.742414
0.866869 41.8582 -10.1623 0.167662 0.151994 0 -0.669942 -0.742414
2.00904 41.5787 -9.91007 0.194594 0.159137 -1e-06 -0.669942 -0.742413
0.866869 41.3606 -9.71327 0.167662 0.164315 -1e-06 -0.669942 -0.742413
0.866869 41.5787 -9.91007 0.167662 0.159137 0 -0.669944 -0.742412
2.00904 41.3606 -9.71327 0.194594 0.164315 -3e-06 -0.66994 -0.742415
0.866869 41.3606 -9.71327 0.167662 0.164315 -1e-06 -0.669942 -0.742413
2.00904 41.5787 -9.91007 0.194594 0.159137 -1e-06 -0.669942 -0.742413
0.986652 45.0833 -8.67633 0.170486 0.08245 0 0.980643 -0.195804
2.00904 44.9583 -9.30199 0.194594 0.091027 0 0.980643 -0.195804
0.866869 44.9583 -9.30199 0.167662 0.091027 0 0.980643 -0.195804
1.90084 45.0833 -8.67633 0.192043 0.08245 0 0.980643 -0.195804
2.00904 44.9583 -9.30199 0.194594 0.091027 0 0.980643 -0.195804
0.986652 45.0833 -8.67633 0.170486 0.08245 0 0.980643 -0.195804
2.00904 41.3606 -9.71327 0.194594 0.164315 -1e-06 -0.972306 -0.23371
0.986652 41.2153 -9.10893 0.170486 0.173363 -1e-06 -0.972306 -0.23371
0.866869 41.3606 -9.71327 0.167662 0.164315 -2e-06 -0.972306 -0.233711
1.90084 41.2153 -9.10893 0.192043 0.173363 0 -0.972307 -0.233709
0.986652 41.2153 -9.10893 0.170486 0.173363 -1e-06 -0.972306 -0.23371
2.00904 41.3606 -9.71327 0.194594 0.164315 -1e-06 -0.972306 -0.23371
2.00904 44.9583 -9.30199 0.194594 0.091027 0 0.743628 -0.668594
0.866869 44.704 -9.58483 0.167662 0.096983 0 0.743628 -0.668594
0.866869 44.9583 -9.30199 0.167662 0.091027 0 0.743628 -0.668594
2.00904 44.704 -9.58483 0.194594 0.096983 0 0.743628 -0.668594
0.866869 44.704 -9.58483 0.167662 0.096983 0 0.743628 -0.668594
2.00904 44.9583 -9.30199 0.194594 0.091027 0 0.743628 -0.668594
2.35023 41.5787 -9.91007 0.202639 0.159137 5e-06 -0.669942 -0.742413
2.00904 41.3606 -9.71327 0.194594 0.164315 5e-06 -0.669942 -0.742413
2.00904 41.5787 -9.91007 0.194594 0.159137 0 -0.669941 -0.742415
2.35023 41.3606 -9.71327 0.202639 0.164315 1e-05 -0.669944 -0.742411
2.00904 41.3606 -9.71327 0.194594 0.164315 5e-06 -0.669942 -0.742413
2.35023 41.5787 -9.91007 0.202639 0.159137 5e-06 -0.669942 -0.742413
2.45843 45.0833 -8.67633 0.205191 0.08245 0 0.980643 -0.195804
2.00904 44.9583 -9.30199 0.194594 0.091027 0 0.980643 -0.195804
1.90084 45.0833 -8.67633 0.192043 0.08245 0 0.980643 -0.195804
2.35023 44.9583 -9.30199 0.202639 0.091027 0 0.980643 -0.195804
2.00904 44.9583 -9.30199 0.194594 0.091027 0 0.980643 -0.195804
2.45843 45.0833 -8.67633 0.205191 0.08245 0 0.980643 -0.195804
2.35023 41.3606 -9.71327 0.202639 0.164315 3e-06 -0.972307 -0.233709
1.90084 41.2153 -9.10893 0.192043 0.173363 3e-06 -0.972307 -0.233709
2.00904 41.3606 -9.71327 0.194594 0.164315 5e-06 -0.972307 -0.233708
2.45843 41.2153 -9.10893 0.205191 0.173363 0 -0.972306 -0.233711
1.90084 41.2153 -9.10893 0.192043 0.173363 3e-06 -0.972307 -0.233709
2.35023 41.3606 -9.71327 0.202639 0.164315 3e-06 -0.972307 -0.233709
2.35023 44.704 -9.58483 0.202639 0.096983 0 0.741452 -0.671006
2.00904 42.765 -11.7274 0.194499 0.136317 0 0.741452 -0.671006
2.00904 44.704 -9.58483 0.194594 0.096983 0 0.741452 -0.671006
2.35023 42.765 -11.7274 0.202514 0.136317 0 0.741452 -0.671006
2.00904 42.765 -11.7274 0.194499 0.136317 0 0.741452 -0.671006
2.35023 44.704 -9.58483 0.202639 0.096983 0 0.741452 -0.671006
2.35023 42.765 -11.7274 0.202514 0.136317 0 -0.865255 -0.501332
2.00904 41.8582 -10.1623 0.194594 0.151994 0 -0.865255 -0.501332
2.00904 42.765 -11.7274 0.194499 0.136317 0 -0.865255 -0.501332
2.35023 41.8582 -10.1623 0.202639 0.151994 0 -0.865255 -0.501332
2.00904 41.8582 -10.1623 0.194594 0.151994 0 -0.865255 -0.501332
2.35023 42.765 -11.7274 0.202514 0.136317 0 -0.865255 -0.501332
2.35023 44.9583 -9.30199 0.202639 0.091027 0 0.743628 -0.668594
2.00904 44.704 -9.58483 0.194594 0.096983 0 0.743628 -0.668594
2.00904 44.9583 -9.30199 0.194594 0.091027 0 0.743628 -0.668594
2.35023 44.704 -9.58483 0.202639 0.096983 0 0.743628 -0.668594
2.00904 44.704 -9.58483 0.194594 0.096983 0 0.743628 -0.668594
2.35023 44.9583 -9.30199 0.202639 0.091027 0 0.743628 -0.668594
2.35023 41.8582 -10.1623 0.202639 0.151994 0 -0.669942 -0.742414
2.00904 41.5787 -9.91007 0.194594 0.159137 0 -0.669942 -0.742414
2.00904 41.8582 -10.1623 0.194594 0.151994 0 -0.669941 -0.742414
2.35023 41.5787 -9.91007 0.202639 0.159137 0 -0.669942 -0.742413
2.00904 41.5787 -9.91007 0.194594 0.159137 0 -0.669942 -0.742414
2.35023 41.8582 -10.1623 0.202639 0.151994 0 -0.669942 -0.742414
3.45093 41.5787 -9.91007 0.228593 0.159138 -1e-06 -0.669944 -0.742412
2.35023 41.3606 -9.71327 0.202639 0.164315 -1e-06 -0.669944 -0.742412
2.35023 41.5787 -9.91007 0.202639 0.159137 0 -0.669944 -0.742412
3.45093 41.3606 -9.71327 0.228593 0.164315 -3e-06 -0.669944 -0.742412
2.35023 41.3606 -9.71327 0.202639 0.164315 -1e-06 -0.669944 -0.742412
3.45093 41.5787 -9.91007 0.228593 0.159138 -1e-06 -0.669944 -0.742412
3.34067 45.0833 -8.67633 0.225993 0.082451 -0 0.980643 -0.195805
2.35023 44.9583 -9.30199 0.202639 0.091027 -0 0.980643 -0.195805
2.45843 45.0833 -8.67633 0.205191 0.08245 -1e-06 0.980643 -0.195805
3.45093 44.9583 -9.30199 0.228593 0.091027 0 0.980643 -0.195805
2.35023 44.9583 -9.30199 0.202639 0.091027 -0 0.980643 -0.195805
3.34067 45.0833 -8.67633 0.225993 0.082451 -0 0.980643 -0.195805
2.35023 41.3606 -9.71327 0.202639 0.164315 2e-06 -0.972306 -0.233711
3.34067 41.2153 -9.10893 0.225993 0.173363 2e-06 -0.972306 -0.233711
2.45843 41.2153 -9.10893 0.205191 0.173363 2e-06 -0.972306 -0.233711
3.45093 41.3606 -9.71327 0.228593 0.164315 2e-06 -0.972306 -0.23371
3.34067 41.2153 -9.10893 0.225993 0.173363 2e-06 -0.972306 -0.233711
2.35023 41.3606 -9.71327 0.202639 0.164315 2e-06 -0.972306 -0.233711
3.45093 44.9583 -9.30199 0.228593 0.091027 0 0.743628 -0.668594
2.35023 44.704 -9.58483 0.202639 0.096983 0 0.743628 -0.668594
2.35023 44.9583 -9.30199 0.202639 0.091027 0 0.743628 -0.668594
3.45093 44.704 -9.58483 0.228593 0.096983 0 0.743628 -0.668594
2.35023 44.704 -9.58483 0.202639 0.096983 0 0.743628 -0.668594
3.45093 44.9583 -9.30199 0.228593 0.091027 0 0.743628 -0.668594
3.66005 41.5787 -9.91007 0.233524 0.159138 8e-06 -0.669944 -0.742412
3.45093 41.3606 -9.71327 0.228593 0.164315 8e-06 -0.669944 -0.742412
3.45093 41.5787 -9.91007 0.228593 0.159138 0 -0.669943 -0.742412
3.66005 41.3606 -9.71327 0.233524 0.164315 1.6e-05 -0.669945 -0.742411
3.45093 41.3606 -9.71327 0.228593 0.164315 8e-06 -0.669944 -0.742412
3.66005 41.5787 -9.91007 0.233524 0.159138 8e-06 -0.669944 -0.742412
3.34067 45.0833 -8.67633 0.225993 0.082451 0 0.980643 -0.195805
3.66005 44.9583 -9.30199 0.233524 0.091027 0 0.980643 -0.195805
3.45093 44.9583 -9.30199 0.228593 0.091027 0 0.980643 -0.195805
3.83374 45.0833 -8.67633 0.23762 0.082451 0 0.980643 -0.195805
3.66005 44.9583 -9.30199 0.233524 0.091027 0 0.980643 -0.195805
3.34067 45.0833 -8.67633 0.225993 0.082451 0 0.980643 -0.195805
3.66005 41.3606 -9.71327 0.233524 0.164315 -6e-06 -0.972306 -0.233711
3.34067 41.2153 -9.10893 0.225993 0.173363 -6e-06 -0.972306 -0.233711
3.45093 41.3606 -9.71327 0.228593 0.164315 -9e-06 -0.972306 -0.233712
3.83374 41.2153 -9.10893 0.23762 0.173363 -3e-06 -0.972306 -0.23371
3.34067 41.2153 -9.10893 0.225993 0.173363 -6e-06 -0.972306 -0.233711
3.66005 41.3606 -9.71327 0.233524 0.164315 -6e-06 -0.972306 -0.233711
3.66005 44.704 -9.58483 0.233524 0.096983 0 0.741452 -0.671006
3.45093 42.765 -11.7274 0.22835 0.136317 0 0.741452 -0.671006
3.45093 44.704 -9.58483 0.228593 0.096983 0 0.741453 -0.671005
3.66005 42.765 -11.7274 0.233419 0.136349 0 0.741451 -0.671007
3.45093 42.765 -11.7274 0.22835 0.136317 0 0.741452 -0.671006
3.66005 44.704 -9.58483 0.233524 0.096983 0 0.741452 -0.671006
3.66005 42.765 -11.7274 0.233419 0.136349 0 -0.865255 -0.501332
3.45093 41.8582 -10.1623 0.228593 0.151994 0 -0.865255 -0.501332
3.45093 42.765 -11.7274 0.22835 0.136317 0 -0.865256 -0.501331
3.66005 41.8582 -10.1623 0.233524 0.151994 0 -0.865255 -0.501332
3.45093 41.8582 -10.1623 0.228593 0.151994 0 -0.865255 -0.501332
3.66005 42.765 -11.7274 0.233419 0.136349 0 -0.865255 -0.501332
3.66005 44.9583 -9.30199 0.233524 0.091027 0 0.743628 -0.668594
3.45093 44.704 -9.58483 0.228593 0.096983 0 0.743628 -0.668594
3.45093 44.9583 -9.30199 0.228593 0.091027 0 0.743628 -0.668593
3.66005 44.704 -9.58483 0.233524 0.096983 0 0.743628 -0.668594
3.45093 44.704 -9.58483 0.228593 0.096983 0 0.743628 -0.668594
3.66005 44.9583 -9.30199 0.233524 0.091027 0 0.743628 -0.668594
3.66005 41.8582 -10.1623 0.233524 0.151994 0 -0.669942 -0.742414
3.45093 41.5787 -9.91007 0.228593 0.159138 0 -0.669942 -0.742414
3.45093 41.8582 -10.1623 0.228593 0.151994 0 -0.669941 -0.742414
3.66005 41.5787 -9.91007 0.233524 0.159138 0 -0.669942 -0.742414
3.45093 41.5787 -9.91007 0.228593 0.159138 0 -0.669942 -0.742414
3.66005 41.8582 -10.1623 0.233524 0.151994 0 -0.669942 -0.742414
-0 41.5787 -9.91007 0.147216 0.159138 2e-06 0.776964 -0.629545
0.44905 41.8022 -9.63419 0.15781 0.159482 2e-06 0.776964 -0.629545
0.568834 41.5787 -9.91007 0.160634 0.159138 5e-06 0.776961 -0.629548
-0 41.8022 -9.63418 0.147221 0.159482 0 0.776966 -0.629543
0.44905 41.8022 -9.63419 0.15781 0.159482 2e-06 0.776964 -0.629545
-0 41.5787 -9.91007 0.147216 0.159138 2e-06 0.776964 -0.629545
0.568834 41.5787 -9.91007 0.160634 0.159138 -0.946935 -0.216728 -0.237368
0.44905 41.9979 -9.81501 0.15781 0.154786 -0.941091 -0.256928 -0.219855
0.568834 41.8582 -10.1623 0.160634 0.151994 -0.927503 -0.307446 -0.212639
0.44905 41.8022 -9.63419 0.15781 0.159482 -0.947331 -0.217328 -0.235228
0.44905 41.9979 -9.81501 0.15781 0.154786 -0.941091 -0.256928 -0.219855
0.568834 41.5787 -9.91007 0.160634 0.159138 -0.946935 -0.216728 -0.237368
0.568834 41.8582 -10.1623 0.160634 0.151994 -0.927503 -0.307446 -0.212639
0.44905 42.7697 -11.2271 0.1578 0.136317 -0.973243 -0.052548 -0.223689
0.568834 42.765 -11.7274 0.160619 0.136317 -0.970817 -0.061332 -0.231847
0.44905 41.9979 -9.81501 0.15781 0.154786 -0.941091 -0.256928 -0.219855
0.44905 42.7697 -11.2271 0.1578 0.136317 -0.973243 -0.052548 -0.223689
0.568834 41.8582 -10.1623 0.160634 0.151994 -0.927503 -0.307446 -0.212639
0.44905 42.7697 -11.2271 0.1578 0.136317 -0.973243 -0.052548 -0.223689
0.568834 44.704 -9.58483 0.160634 0.096983 -0.940555 0.251776 -0.227959
0.568834 42.765 -11.7274 0.160619 0.136317 -0.970817 -0.061332 -0.231847
0.44905 44.3948 -9.43295 0.15781 0.098467 -0.940366 0.252111 -0.228368
0.568834 44.704 -9.58483 0.160634 0.096983 -0.940555 0.251776 -0.227959
0.44905 42.7697 -11.2271 0.1578 0.136317 -0.973243 -0.052548 -0.223689
0.44905 44.3948 -9.43295 0.15781 0.098467 3e-06 -0.440858 -0.897577
0 44.704 -9.58483 0.147221 0.096983 3e-06 -0.440858 -0.897577
0.568834 44.704 -9.58483 0.160634 0.096983 0 -0.44086 -0.897576
0 44.3948 -9.43295 0.147221 0.098467 6e-06 -0.440856 -0.897578
0 44.704 -9.58483 0.147221 0.096983 3e-06 -0.440858 -0.897577
0.44905 44.3948 -9.43295 0.15781 0.098467 3e-06 -0.440858 -0.897577
0.986652 41.9979 -9.81501 0.170486 0.154786 0.941091 -0.256928 -0.219855
0.866869 41.5787 -9.91007 0.167662 0.159137 0.946935 -0.216728 -0.237367
0.866869 41.8582 -10.1623 0.167662 0.151994 0.927503 -0.307446 -0.212638
0.986652 41.8022 -9.63419 0.170486 0.159482 0.947331 -0.217328 -0.235228
0.866869 41.5787 -9.91007 0.167662 0.159137 0.946935 -0.216728 -0.237367
0.986652 41.9979 -9.81501 0.170486 0.154786 0.941091 -0.256928 -0.219855
0.986652 41.8022 -9.63419 0.170486 0.159482 0 0.776962 -0.629548
2.00904 41.5787 -9.91007 0.194594 0.159137 0 0.776962 -0.629548
0.866869 41.5787 -9.91007 0.167662 0.159137 0 0.776962 -0.629548
1.90084 41.8022 -9.63419 0.192043 0.159482 0 0.776961 -0.629548
2.00904 41.5787 -9.91007 0.194594 0.159137 0 0.776962 -0.629548
0.986652 41.8022 -9.63419 0.170486 0.159482 0 0.776962 -0.629548
2.00904 41.5787 -9.91007 0.194594 0.159137 -0.956067 -0.197662 -0.216486
1.90084 41.9979 -9.81501 0.192043 0.154786 -0.951136 -0.234668 -0.200679
2.00904 41.8582 -10.1623 0.194594 0.151994 -0.939618 -0.281536 -0.194567
1.90084 41.8022 -9.63419 0.192043 0.159482 -0.956399 -0.198195 -0.21452
1.90084 41.9979 -9.81501 0.192043 0.154786 -0.951136 -0.234668 -0.200679
2.00904 41.5787 -9.91007 0.194594 0.159137 -0.956067 -0.197662 -0.216486
2.00904 41.8582 -10.1623 0.194594 0.151994 -0.939618 -0.281536 -0.194567
1.90084 42.7697 -11.2271 0.192 0.136317 -0.977977 -0.04837 -0.203033
2.00904 42.765 -11.7274 0.194499 0.136317 -0.975946 -0.056622 -0.210529
1.90084 41.9979 -9.81501 0.192043 0.154786 -0.951136 -0.234668 -0.200679
1.90084 42.7697 -11.2271 0.192 0.136317 -0.977977 -0.04837 -0.203033
2.00904 41.8582 -10.1623 0.194594 0.151994 -0.939618 -0.281536 -0.194567
1.90084 42.7697 -11.2271 0.192 0.136317 -0.977977 -0.04837 -0.203033
2.00904 44.704 -9.58483 0.194594 0.096983 -0.9507 0.229887 -0.20814
2.00904 42.765 -11.7274 0.194499 0.136317 -0.975946 -0.056622 -0.210529
1.90084 44.3948 -9.43295 0.192043 0.098467 -0.95054 0.230201 -0.20852
2.00904 44.704 -9.58483 0.194594 0.096983 -0.9507 0.229887 -0.20814
1.90084 42.7697 -11.2271 0.192 0.136317 -0.977977 -0.04837 -0.203033
2.00904 44.704 -9.58483 0.194594 0.096983 0 -0.44086 -0.897576
0.986652 44.3948 -9.43295 0.170486 0.098467 0 -0.44086 -0.897576
0.866869 44.704 -9.58483 0.167662 0.096983 0 -0.44086 -0.897576
1.90084 44.3948 -9.43295 0.192043 0.098467 0 -0.44086 -0.897576
0.986652 44.3948 -9.43295 0.170486 0.098467 0 -0.44086 -0.897576
2.00904 44.704 -9.58483 0.194594 0.096983 0 -0.44086 -0.897576
0.866869 44.704 -9.58483 0.167662 0.096983 0.940555 0.251776 -0.227959
0.986652 42.7697 -11.2271 0.170464 0.136317 0.973243 -0.052548 -0.223689
0.866869 42.765 -11.7274 0.1677 0.136317 0.970817 -0.061332 -0.231847
0.986652 44.3948 -9.43295 0.170486 0.098467 0.940366 0.252111 -0.228368
0.986652 42.7697 -11.2271 0.170464 0.136317 0.973243 -0.052548 -0.223689
0.866869 44.704 -9.58483 0.167662 0.096983 0.940555 0.251776 -0.227959
0.986652 42.7697 -11.2271 0.170464 0.136317 0.973243 -0.052548 -0.223689
0.866869 41.8582 -10.1623 0.167662 0.151994 0.927503 -0.307446 -0.212638
0.866869 42.765 -11.7274 0.1677 0.136317 0.970817 -0.061332 -0.231847
0.986652 41.9979 -9.81501 0.170486 0.154786 0.941091 -0.256928 -0.219855
0.866869 41.8582 -10.1623 0.167662 0.151994 0.927503 -0.307446 -0.212638
0.986652 42.7697 -11.2271 0.170464 0.136317 0.973243 -0.052548 -0.223689
2.45843 41.9979 -9.81501 0.205191 0.154786 0.951136 -0.234668 -0.200678
2.35023 41.5787 -9.91007 0.202639 0.159137 0.956067 -0.197662 -0.216486
2.35023 41.8582 -10.1623 0.202639 0.151994 0.939618 -0.281536 -0.194567
2.45843 41.8022 -9.63419 0.205191 0.159482 0.9564 -0.198195 -0.214519
2.35023 41.5787 -9.91007 0.202639 0.159137 0.956067 -0.197662 -0.216486
2.45843 41.9979 -9.81501 0.205191 0.154786 0.951136 -0.234668 -0.200678
2.35023 41.5787 -9.91007 0.202639 0.159137 0 0.776961 -0.629549
3.34067 41.8022 -9.63419 0.225994 0.159482 0 0.776961 -0.629549
3.45093 41.5787 -9.91007 0.228593 0.159138 0 0.776961 -0.629549
2.45843 41.8022 -9.63419 0.205191 0.159482 0 0.776962 -0.629548
3.34067 41.8022 -9.63419 0.225994 0.159482 0 0.776961 -0.629549
2.35023 41.5787 -9.91007 0.202639 0.159137 0 0.776961 -0.629549
3.45093 41.5787 -9.91007 0.228593 0.159138 -0.954495 -0.201087 -0.220237
3.34067 41.9979 -9.81501 0.225993 0.154786 -0.949404 -0.238674 -0.204126
3.45093 41.8582 -10.1623 0.228593 0.151994 -0.937522 -0.286213 -0.197826
3.34067 41.8022 -9.63419 0.225994 0.159482 -0.954839 -0.201631 -0.218239
3.34067 41.9979 -9.81501 0.225993 0.154786 -0.949404 -0.238674 -0.204126
3.45093 41.5787 -9.91007 0.228593 0.159138 -0.954495 -0.201087 -0.220237
3.45093 41.8582 -10.1623 0.228593 0.151994 -0.937522 -0.286213 -0.197826
3.34067 42.7697 -11.2271 0.225918 0.136317 -0.977166 -0.049129 -0.206721
3.45093 42.765 -11.7274 0.22835 0.136317 -0.975067 -0.057481 -0.214338
3.34067 41.9979 -9.81501 0.225993 0.154786 -0.949404 -0.238674 -0.204126
3.34067 42.7697 -11.2271 0.225918 0.136317 -0.977166 -0.049129 -0.206721
3.45093 41.8582 -10.1623 0.228593 0.151994 -0.937522 -0.286213 -0.197826
3.34067 42.7697 -11.2271 0.225918 0.136317 -0.977166 -0.049129 -0.206721
3.45093 44.704 -9.58483 0.228593 0.096983 -0.948951 0.233823 -0.211705
3.45093 42.765 -11.7274 0.22835 0.136317 -0.975067 -0.057481 -0.214338
3.34067 44.3948 -9.43295 0.225993 0.098467 -0.948786 0.234141 -0.21209
3.45093 44.704 -9.58483 0.228593 0.096983 -0.948951 0.233823 -0.211705
3.34067 42.7697 -11.2271 0.225918 0.136317 -0.977166 -0.049129 -0.206721
3.34067 44.3948 -9.43295 0.225993 0.098467 0 -0.44086 -0.897576
2.35023 44.704 -9.58483 0.202639 0.096983 0 -0.44086 -0.897576
3.45093 44.704 -9.58483 0.228593 0.096983 0 -0.44086 -0.897576
2.45843 44.3948 -9.43295 0.205191 0.098467 0 -0.44086 -0.897576
2.35023 44.704 -9.58483 0.202639 0.096983 0 -0.44086 -0.897576
3.34067 44.3948 -9.43295 0.225993 0.098467 0 -0.44086 -0.897576
2.35023 44.704 -9.58483 0.202639 0.096983 0.9507 0.229886 -0.20814
2.45843 42.7697 -11.2271 0.205135 0.136317 0.977977 -0.04837 -0.203033
2.35023 42.765 -11.7274 0.202514 0.136317 0.975946 -0.056621 -0.210529
2.45843 44.3948 -9.43295 0.205191 0.098467 0.95054 0.2302 -0.208521
2.45843 42.7697 -11.2271 0.205135 0.136317 0.977977 -0.04837 -0.203033
2.35023 44.704 -9.58483 0.202639 0.096983 0.9507 0.229886 -0.20814
2.45843 42.7697 -11.2271 0.205135 0.136317 0.977977 -0.04837 -0.203033
2.35023 41.8582 -10.1623 0.202639 0.151994 0.939618 -0.281536 -0.194567
2.35023 42.765 -11.7274 0.202514 0.136317 0.975946 -0.056621 -0.210529
2.45843 41.9979 -9.81501 0.205191 0.154786 0.951136 -0.234668 -0.200678
2.35023 41.8582 -10.1623 0.202639 0.151994 0.939618 -0.281536 -0.194567
2.45843 42.7697 -11.2271 0.205135 0.136317 0.977977 -0.04837 -0.203033
-0.568834 41.3606 -9.71327 0.160634 0.164315 -0 -0.669941 -0.742414
-0 41.5787 -9.91007 0.147216 0.159138 -0 -0.669941 -0.742414
-0 41.3606 -9.71327 0.147216 0.164315 -1e-06 -0.669942 -0.742413
-0.568834 41.5787 -9.91007 0.160634 0.159138 0 -0.669941 -0.742415
-0 41.5787 -9.91007 0.147216 0.159138 -0 -0.669941 -0.742414
-0.568834 41.3606 -9.71327 0.160634 0.164315 -0 -0.669941 -0.742414
-0 44.9583 -9.30199 0.147221 0.091027 -1e-06 0.980643 -0.195805
-0.44905 45.0833 -8.67633 0.15781 0.08245 -1e-06 0.980643 -0.195805
-0 45.0833 -8.67634 0.147221 0.082451 -2e-06 0.980643 -0.195805
-0.568834 44.9583 -9.30199 0.160634 0.091027 0 0.980643 -0.195805
-0.44905 45.0833 -8.67633 0.15781 0.08245 -1e-06 0.980643 -0.195805
-0 44.9583 -9.30199 0.147221 0.091027 -1e-06 0.980643 -0.195805
-0.44905 41.2153 -9.10893 0.15781 0.173363 -0 -0.972306 -0.233712
-0 41.3606 -9.71327 0.147216 0.164315 -0 -0.972306 -0.233712
-0 41.2153 -9.10893 0.147221 0.173363 -2e-06 -0.972306 -0.233714
-0.568834 41.3606 -9.71327 0.160634 0.164315 1e-06 -0.972306 -0.233711
-0 41.3606 -9.71327 0.147216 0.164315 -0 -0.972306 -0.233712
-0.44905 41.2153 -9.10893 0.15781 0.173363 -0 -0.972306 -0.233712
-3.66005 41.3606 -9.71327 0.233524 0.164315 -0.897983 -0.294011 -0.327389
-3.83374 41.8022 -9.63346 0.23762 0.15949 -0.897983 -0.294011 -0.327389
-3.66005 41.5787 -9.91007 0.233524 0.159138 -0.898304 -0.294357 -0.326195
-3.83374 41.2153 -9.10893 0.23762 0.173363 -0.897661 -0.293665 -0.328582
-3.83374 41.8022 -9.63346 0.23762 0.15949 -0.897983 -0.294011 -0.327389
-3.66005 41.3606 -9.71327 0.233524 0.164315 -0.897983 -0.294011 -0.327389
-3.83374 42.7697 -11.2257 0.237561 0.136317 -0.886827 0.342638 -0.310059
-3.66005 44.704 -9.58483 0.233524 0.096983 -0.886827 0.342638 -0.310059
-3.66005 42.765 -11.7274 0.233419 0.136349 -0.88677 0.342707 -0.310146
-3.83374 44.3949 -9.42957 0.23762 0.098427 -0.886884 0.342568 -0.309973
-3.66005 44.704 -9.58483 0.233524 0.096983 -0.886827 0.342638 -0.310059
-3.83374 42.7697 -11.2257 0.237561 0.136317 -0.886827 0.342638 -0.310059
-3.66005 41.8582 -10.1623 0.233524 0.151994 -0.843366 -0.468235 -0.26361
-3.83374 42.7697 -11.2257 0.237561 0.136317 -0.843366 -0.468235 -0.26361
-3.66005 42.765 -11.7274 0.233419 0.136349 -0.827087 -0.486337 -0.281787
-3.83374 41.9989 -9.8119 0.23762 0.15481 -0.858867 -0.449701 -0.245189
-3.83374 42.7697 -11.2257 0.237561 0.136317 -0.843366 -0.468235 -0.26361
-3.66005 41.8582 -10.1623 0.233524 0.151994 -0.843366 -0.468235 -0.26361
-0.568834 44.704 -9.58483 0.160634 0.096983 0 0.743628 -0.668594
-0 44.9583 -9.30199 0.147221 0.091027 0 0.743628 -0.668594
0 44.704 -9.58483 0.147221 0.096983 0 0.743628 -0.668594
-0.568834 44.9583 -9.30199 0.160634 0.091027 0 0.743628 -0.668594
-0 44.9583 -9.30199 0.147221 0.091027 0 0.743628 -0.668594
-0.568834 44.704 -9.58483 0.160634 0.096983 0 0.743628 -0.668594
-3.83374 44.3949 -9.42957 0.23762 0.098427 -0.885944 0.343617 -0.311497
-3.66005 44.9583 -9.30199 0.233524 0.091027 -0.885944 0.343617 -0.311497
-3.66005 44.704 -9.58483 0.233524 0.096983 -0.887045 0.343321 -0.308677
-3.83374 45.0833 -8.67633 0.23762 0.082451 -0.884834 0.343911 -0.314314
-3.66005 44.9583 -9.30199 0.233524 0.091027 -0.885944 0.343617 -0.311497
-3.83374 44.3949 -9.42957 0.23762 0.098427 -0.885944 0.343617 -0.311497
-3.66005 41.5787 -9.91007 0.233524 0.159138 -0.898115 -0.295063 -0.32608
-3.83374 41.9989 -9.8119 0.23762 0.15481 -0.898115 -0.295063 -0.32608
-3.66005 41.8582 -10.1623 0.233524 0.151994 -0.89795 -0.294839 -0.326734
-3.83374 41.8022 -9.63346 0.23762 0.15949 -0.898279 -0.295286 -0.325426
-3.83374 41.9989 -9.8119 0.23762 0.15481 -0.898115 -0.295063 -0.32608
-3.66005 41.5787 -9.91007 0.233524 0.159138 -0.898115 -0.295063 -0.32608
-0.568834 41.3606 -9.71327 0.160634 0.164315 0 -0.669941 -0.742415
-0.866869 41.5787 -9.91007 0.167662 0.159137 0 -0.669941 -0.742415
-0.568834 41.5787 -9.91007 0.160634 0.159138 0 -0.66994 -0.742415
-0.866869 41.3606 -9.71327 0.167662 0.164315 0 -0.669941 -0.742414
-0.866869 41.5787 -9.91007 0.167662 0.159137 0 -0.669941 -0.742415
-0.568834 41.3606 -9.71327 0.160634 0.164315 0 -0.669941 -0.742415
-0.568834 44.9583 -9.30199 0.160634 0.091027 0 0.980643 -0.195805
-0.986652 45.0833 -8.67633 0.170486 0.08245 0 0.980643 -0.195805
-0.44905 45.0833 -8.67633 0.15781 0.08245 0 0.980643 -0.195805
-0.866869 44.9583 -9.30199 0.167662 0.091027 0 0.980643 -0.195805
-0.986652 45.0833 -8.67633 0.170486 0.08245 0 0.980643 -0.195805
-0.568834 44.9583 -9.30199 0.160634 0.091027 0 0.980643 -0.195805
-0.44905 41.2153 -9.10893 0.15781 0.173363 0 -0.972306 -0.233711
-0.866869 41.3606 -9.71327 0.167662 0.164315 0 -0.972306 -0.233711
-0.568834 41.3606 -9.71327 0.160634 0.164315 0 -0.972306 -0.233711
-0.986652 41.2153 -9.10893 0.170486 0.173363 0 -0.972306 -0.233711
-0.866869 41.3606 -9.71327 0.167662 0.164315 0 -0.972306 -0.233711
-0.44905 41.2153 -9.10893 0.15781 0.173363 0 -0.972306 -0.233711
-0.568834 42.765 -11.7274 0.160619 0.136317 2e-06 0.741453 -0.671005
-0.866869 44.704 -9.58483 0.167662 0.096983 2e-06 0.741453 -0.671005
-0.568834 44.704 -9.58483 0.160634 0.096983 0 0.741453 -0.671005
-0.866869 42.765 -11.7274 0.1677 0.136317 4e-06 0.741452 -0.671006
-0.866869 44.704 -9.58483 0.167662 0.096983 2e-06 0.741453 -0.671005
-0.568834 42.765 -11.7274 0.160619 0.136317 2e-06 0.741453 -0.671005
-0.568834 41.8582 -10.1623 0.160634 0.151994 4e-06 -0.865255 -0.501333
-0.866869 42.765 -11.7274 0.1677 0.136317 4e-06 -0.865255 -0.501333
-0.568834 42.765 -11.7274 0.160619 0.136317 7e-06 -0.865254 -0.501333
-0.866869 41.8582 -10.1623 0.167662 0.151994 0 -0.865255 -0.501332
-0.866869 42.765 -11.7274 0.1677 0.136317 4e-06 -0.865255 -0.501333
-0.568834 41.8582 -10.1623 0.160634 0.151994 4e-06 -0.865255 -0.501333
-0.568834 44.704 -9.58483 0.160634 0.096983 4e-06 0.743629 -0.668593
-0.866869 44.9583 -9.30199 0.167662 0.091027 4e-06 0.743629 -0.668593
-0.568834 44.9583 -9.30199 0.160634 0.091027 0 0.743628 -0.668594
-0.866869 44.704 -9.58483 0.167662 0.096983 8e-06 0.74363 -0.668591
-0.866869 44.9583 -9.30199 0.167662 0.091027 4e-06 0.743629 -0.668593
-0.568834 44.704 -9.58483 0.160634 0.096983 4e-06 0.743629 -0.668593
-0.568834 41.5787 -9.91007 0.160634 0.159138 0 -0.669926 -0.742428
-0.866869 41.8582 -10.1623 0.167662 0.151994 0 -0.669926 -0.742428
-0.568834 41.8582 -10.1623 0.160634 0.151994 0 -0.669926 -0.742428
-0.866869 41.5787 -9.91007 0.167662 0.159137 0 -0.669926 -0.742428
-0.866869 41.8582 -10.1623 0.167662 0.151994 0 -0.669926 -0.742428
-0.568834 41.5787 -9.91007 0.160634 0.159138 0 -0.669926 -0.742428
-0.866869 41.3606 -9.71327 0.167662 0.164315 0 -0.669942 -0.742413
-2.00904 41.5787 -9.91007 0.194594 0.159137 0 -0.669942 -0.742413
-0.866869 41.5787 -9.91007 0.167662 0.159137 0 -0.66994 -0.742415
-2.00904 41.3606 -9.71327 0.194594 0.164315 0 -0.669944 -0.742412
-2.00904 41.5787 -9.91007 0.194594 0.159137 0 -0.669942 -0.742413
-0.866869 41.3606 -9.71327 0.167662 0.164315 0 -0.669942 -0.742413
-0.986652 45.0833 -8.67633 0.170486 0.08245 -2e-06 0.980643 -0.195802
-2.00904 44.9583 -9.30199 0.194594 0.091027 -2e-06 0.980643 -0.195802
-1.90084 45.0833 -8.67633 0.192043 0.08245 -4e-06 0.980644 -0.195799
-0.866869 44.9583 -9.30199 0.167662 0.091027 0 0.980643 -0.195805
-2.00904 44.9583 -9.30199 0.194594 0.091027 -2e-06 0.980643 -0.195802
-0.986652 45.0833 -8.67633 0.170486 0.08245 -2e-06 0.980643 -0.195802
-0.986652 41.2153 -9.10893 0.170486 0.173363 -1e-06 -0.972306 -0.23371
-2.00904 41.3606 -9.71327 0.194594 0.164315 -1e-06 -0.972306 -0.23371
-0.866869 41.3606 -9.71327 0.167662 0.164315 -1e-06 -0.972306 -0.233711
-1.90084 41.2153 -9.10893 0.192043 0.173363 -2e-06 -0.972307 -0.233709
-2.00904 41.3606 -9.71327 0.194594 0.164315 -1e-06 -0.972306 -0.23371
-0.986652 41.2153 -9.10893 0.170486 0.173363 -1e-06 -0.972306 -0.23371
-0.866869 44.704 -9.58483 0.167662 0.096983 -1e-06 0.743629 -0.668593
-2.00904 44.9583 -9.30199 0.194594 0.091027 -1e-06 0.743629 -0.668593
-0.866869 44.9583 -9.30199 0.167662 0.091027 0 0.74363 -0.668591
-2.00904 44.704 -9.58483 0.194594 0.096983 -2e-06 0.743628 -0.668594
-2.00904 44.9583 -9.30199 0.194594 0.091027 -1e-06 0.743629 -0.668593
-0.866869 44.704 -9.58483 0.167662 0.096983 -1e-06 0.743629 -0.668593
-2.00904 41.3606 -9.71327 0.194594 0.164315 0 -0.669944 -0.742411
-2.35023 41.5787 -9.91007 0.202639 0.159137 0 -0.669944 -0.742411
-2.00904 41.5787 -9.91007 0.194594 0.159137 0 -0.669945 -0.742411
-2.35023 41.3606 -9.71327 0.202639 0.164315 0 -0.669944 -0.742411
-2.35023 41.5787 -9.91007 0.202639 0.159137 0 -0.669944 -0.742411
-2.00904 41.3606 -9.71327 0.194594 0.164315 0 -0.669944 -0.742411
-2.00904 44.9583 -9.30199 0.194594 0.091027 3e-06 0.980643 -0.195803
-2.45843 45.0833 -8.67633 0.205191 0.08245 3e-06 0.980643 -0.195803
-1.90084 45.0833 -8.67633 0.192043 0.08245 5e-06 0.980644 -0.1958
-2.35023 44.9583 -9.30199 0.202639 0.091027 0 0.980643 -0.195805
-2.45843 45.0833 -8.67633 0.205191 0.08245 3e-06 0.980643 -0.195803
-2.00904 44.9583 -9.30199 0.194594 0.091027 3e-06 0.980643 -0.195803
-1.90084 41.2153 -9.10893 0.192043 0.173363 3e-06 -0.972306 -0.23371
-2.35023 41.3606 -9.71327 0.202639 0.164315 3e-06 -0.972306 -0.23371
-2.00904 41.3606 -9.71327 0.194594 0.164315 2e-06 -0.972307 -0.233709
-2.45843 41.2153 -9.10893 0.205191 0.173363 3e-06 -0.972306 -0.23371
-2.35023 41.3606 -9.71327 0.202639 0.164315 3e-06 -0.972306 -0.23371
-1.90084 41.2153 -9.10893 0.192043 0.173363 3e-06 -0.972306 -0.23371
-2.00904 42.765 -11.7274 0.194499 0.136317 0 0.741452 -0.671006
-2.35023 44.704 -9.58483 0.202639 0.096983 0 0.741452 -0.671006
-2.00904 44.704 -9.58483 0.194594 0.096983 0 0.741452 -0.671006
-2.35023 42.765 -11.7274 0.202514 0.136317 0 0.741452 -0.671006
-2.35023 44.704 -9.58483 0.202639 0.096983 0 0.741452 -0.671006
-2.00904 42.765 -11.7274 0.194499 0.136317 0 0.741452 -0.671006
-2.00904 41.8582 -10.1623 0.194594 0.151994 3e-06 -0.865255 -0.501331
-2.35023 42.765 -11.7274 0.202514 0.136317 3e-06 -0.865255 -0.501331
-2.00904 42.765 -11.7274 0.194499 0.136317 6e-06 -0.865255 -0.501332
-2.35023 41.8582 -10.1623 0.202639 0.151994 0 -0.865256 -0.501331
-2.35023 42.765 -11.7274 0.202514 0.136317 3e-06 -0.865255 -0.501331
-2.00904 41.8582 -10.1623 0.194594 0.151994 3e-06 -0.865255 -0.501331
-2.00904 44.704 -9.58483 0.194594 0.096983 0 0.743629 -0.668593
-2.35023 44.9583 -9.30199 0.202639 0.091027 0 0.743629 -0.668593
-2.00904 44.9583 -9.30199 0.194594 0.091027 0 0.743628 -0.668594
-2.35023 44.704 -9.58483 0.202639 0.096983 0 0.74363 -0.668591
-2.35023 44.9583 -9.30199 0.202639 0.091027 0 0.743629 -0.668593
-2.00904 44.704 -9.58483 0.194594 0.096983 0 0.743629 -0.668593
-2.00904 41.5787 -9.91007 0.194594 0.159137 4e-06 -0.669943 -0.742412
-2.35023 41.8582 -10.1623 0.202639 0.151994 4e-06 -0.669943 -0.742412
-2.00904 41.8582 -10.1623 0.194594 0.151994 0 -0.669944 -0.742411
-2.35023 41.5787 -9.91007 0.202639 0.159137 7e-06 -0.669942 -0.742413
-2.35023 41.8582 -10.1623 0.202639 0.151994 4e-06 -0.669943 -0.742412
-2.00904 41.5787 -9.91007 0.194594 0.159137 4e-06 -0.669943 -0.742412
-2.35023 41.3606 -9.71327 0.202639 0.164315 3e-06 -0.669942 -0.742413
-3.45093 41.5787 -9.91007 0.228593 0.159138 3e-06 -0.669942 -0.742413
-2.35023 41.5787 -9.91007 0.202639 0.159137 3e-06 -0.669944 -0.742412
-3.45093 41.3606 -9.71328 0.228593 0.164315 3e-06 -0.669941 -0.742415
-3.45093 41.5787 -9.91007 0.228593 0.159138 3e-06 -0.669942 -0.742413
-2.35023 41.3606 -9.71327 0.202639 0.164315 3e-06 -0.669942 -0.742413
-2.35023 44.9583 -9.30199 0.202639 0.091027 0 0.980643 -0.195805
-3.34067 45.0833 -8.67633 0.225993 0.082451 0 0.980643 -0.195805
-2.45843 45.0833 -8.67633 0.205191 0.08245 0 0.980643 -0.195805
-3.45093 44.9583 -9.30199 0.228593 0.091027 1e-06 0.980643 -0.195805
-3.34067 45.0833 -8.67633 0.225993 0.082451 0 0.980643 -0.195805
-2.35023 44.9583 -9.30199 0.202639 0.091027 0 0.980643 -0.195805
-2.35023 41.3606 -9.71327 0.202639 0.164315 1e-06 -0.972306 -0.233712
-3.34067 41.2153 -9.10893 0.225993 0.173363 1e-06 -0.972306 -0.233712
-3.45093 41.3606 -9.71328 0.228593 0.164315 1e-06 -0.972305 -0.233714
-2.45843 41.2153 -9.10893 0.205191 0.173363 2e-06 -0.972306 -0.23371
-3.34067 41.2153 -9.10893 0.225993 0.173363 1e-06 -0.972306 -0.233712
-2.35023 41.3606 -9.71327 0.202639 0.164315 1e-06 -0.972306 -0.233712
-2.35023 44.704 -9.58483 0.202639 0.096983 0 0.743629 -0.668593
-3.45093 44.9583 -9.30199 0.228593 0.091027 0 0.743629 -0.668593
-2.35023 44.9583 -9.30199 0.202639 0.091027 0 0.74363 -0.668591
-3.45093 44.704 -9.58483 0.228593 0.096983 0 0.743628 -0.668594
-3.45093 44.9583 -9.30199 0.228593 0.091027 0 0.743629 -0.668593
-2.35023 44.704 -9.58483 0.202639 0.096983 0 0.743629 -0.668593
-3.45093 41.3606 -9.71328 0.228593 0.164315 -1.6e-05 -0.669943 -0.742413
-3.66005 41.5787 -9.91007 0.233524 0.159138 -1.6e-05 -0.669943 -0.742413
-3.45093 41.5787 -9.91007 0.228593 0.159138 0 -0.66994 -0.742415
-3.66005 41.3606 -9.71327 0.233524 0.164315 -3.1e-05 -0.669946 -0.74241
-3.66005 41.5787 -9.91007 0.233524 0.159138 -1.6e-05 -0.669943 -0.742413
-3.45093 41.3606 -9.71328 0.228593 0.164315 -1.6e-05 -0.669943 -0.742413
-3.34067 45.0833 -8.67633 0.225993 0.082451 0 0.980643 -0.195805
-3.66005 44.9583 -9.30199 0.233524 0.091027 0 0.980643 -0.195805
-3.83374 45.0833 -8.67633 0.23762 0.082451 0 0.980643 -0.195805
-3.45093 44.9583 -9.30199 0.228593 0.091027 0 0.980643 -0.195805
-3.66005 44.9583 -9.30199 0.233524 0.091027 0 0.980643 -0.195805
-3.34067 45.0833 -8.67633 0.225993 0.082451 0 0.980643 -0.195805
-3.34067 41.2153 -9.10893 0.225993 0.173363 -2e-06 -0.972306 -0.233713
-3.66005 41.3606 -9.71327 0.233524 0.164315 -2e-06 -0.972306 -0.233713
-3.45093 41.3606 -9.71328 0.228593 0.164315 -4e-06 -0.972306 -0.233713
-3.83374 41.2153 -9.10893 0.23762 0.173363 0 -0.972305 -0.233714
-3.66005 41.3606 -9.71327 0.233524 0.164315 -2e-06 -0.972306 -0.233713
-3.34067 41.2153 -9.10893 0.225993 0.173363 -2e-06 -0.972306 -0.233713
-3.45093 42.765 -11.7274 0.22835 0.136317 0 0.741452 -0.671006
-3.66005 44.704 -9.58483 0.233524 0.096983 0 0.741452 -0.671006
-3.45093 44.704 -9.58483 0.228593 0.096983 0 0.741452 -0.671006
-3.66005 42.765 -11.7274 0.233419 0.136349 0 0.741452 -0.671006
-3.66005 44.704 -9.58483 0.233524 0.096983 0 0.741452 -0.671006
-3.45093 42.765 -11.7274 0.22835 0.136317 0 0.741452 -0.671006
-3.45093 41.8582 -10.1623 0.228593 0.151994 0 -0.865256 -0.501331
-3.66005 42.765 -11.7274 0.233419 0.136349 0 -0.865256 -0.501331
-3.45093 42.765 -11.7274 0.22835 0.136317 0 -0.865255 -0.501332
-3.66005 41.8582 -10.1623 0.233524 0.151994 0 -0.865256 -0.50133
-3.66005 42.765 -11.7274 0.233419 0.136349 0 -0.865256 -0.501331
-3.45093 41.8582 -10.1623 0.228593 0.151994 0 -0.865256 -0.501331
-3.45093 44.704 -9.58483 0.228593 0.096983 0 0.743628 -0.668594
-3.66005 44.9583 -9.30199 0.233524 0.091027 0 0.743628 -0.668594
-3.45093 44.9583 -9.30199 0.228593 0.091027 0 0.743629 -0.668593
-3.66005 44.704 -9.58483 0.233524 0.096983 0 0.743627 -0.668595
-3.66005 44.9583 -9.30199 0.233524 0.091027 0 0.743628 -0.668594
-3.45093 44.704 -9.58483 0.228593 0.096983 0 0.743628 -0.668594
-3.45093 41.5787 -9.91007 0.228593 0.159138 -6e-06 -0.66994 -0.742415
-3.66005 41.8582 -10.1623 0.233524 0.151994 -6e-06 -0.66994 -0.742415
-3.45093 41.8582 -10.1623 0.228593 0.151994 0 -0.669939 -0.742416
-3.66005 41.5787 -9.91007 0.233524 0.159138 -1.2e-05 -0.669942 -0.742413
-3.66005 41.8582 -10.1623 0.233524 0.151994 -6e-06 -0.66994 -0.742415
-3.45093 41.5787 -9.91007 0.228593 0.159138 -6e-06 -0.66994 -0.742415
-0 41.5787 -9.91007 0.147216 0.159138 -2e-06 0.776963 -0.629546
-0.44905 41.8022 -9.63419 0.15781 0.159482 -2e-06 0.776963 -0.629546
-0 41.8022 -9.63418 0.147221 0.159482 0 0.776966 -0.629543
-0.568834 41.5787 -9.91007 0.160634 0.159138 -5e-06 0.77696 -0.62955
-0.44905 41.8022 -9.63419 0.15781 0.159482 -2e-06 0.776963 -0.629546
-0 41.5787 -9.91007 0.147216 0.159138 -2e-06 0.776963 -0.629546
-0.568834 41.5787 -9.91007 0.160634 0.159138 0.946934 -0.216728 -0.237373
-0.44905 41.9979 -9.81501 0.15781 0.154786 0.941089 -0.25693 -0.21986
-0.44905 41.8022 -9.63419 0.15781 0.159482 0.947331 -0.217328 -0.235228
-0.568834 41.8582 -10.1623 0.160634 0.151994 0.927499 -0.307453 -0.212646
-0.44905 41.9979 -9.81501 0.15781 0.154786 0.941089 -0.25693 -0.21986
-0.568834 41.5787 -9.91007 0.160634 0.159138 0.946934 -0.216728 -0.237373
-0.568834 41.8582 -10.1623 0.160634 0.151994 0.927499 -0.307453 -0.212646
-0.44905 42.7697 -11.2271 0.1578 0.136317 0.973242 -0.052555 -0.223692
-0.44905 41.9979 -9.81501 0.15781 0.154786 0.941089 -0.25693 -0.21986
-0.568834 42.765 -11.7274 0.160619 0.136317 0.970816 -0.06134 -0.23185
-0.44905 42.7697 -11.2271 0.1578 0.136317 0.973242 -0.052555 -0.223692
-0.568834 41.8582 -10.1623 0.160634 0.151994 0.927499 -0.307453 -0.212646
-0.568834 44.704 -9.58483 0.160634 0.096983 0.940556 0.251774 -0.227957
-0.44905 42.7697 -11.2271 0.1578 0.136317 0.973242 -0.052555 -0.223692
-0.568834 42.765 -11.7274 0.160619 0.136317 0.970816 -0.06134 -0.23185
-0.44905 44.3948 -9.43295 0.15781 0.098467 0.940367 0.252109 -0.228366
-0.44905 42.7697 -11.2271 0.1578 0.136317 0.973242 -0.052555 -0.223692
-0.568834 44.704 -9.58483 0.160634 0.096983 0.940556 0.251774 -0.227957
0 44.704 -9.58483 0.147221 0.096983 -3e-06 -0.440858 -0.897577
-0.44905 44.3948 -9.43295 0.15781 0.098467 -3e-06 -0.440858 -0.897577
-0.568834 44.704 -9.58483 0.160634 0.096983 0 -0.44086 -0.897576
0 44.3948 -9.43295 0.147221 0.098467 -6e-06 -0.440856 -0.897578
-0.44905 44.3948 -9.43295 0.15781 0.098467 -3e-06 -0.440858 -0.897577
0 44.704 -9.58483 0.147221 0.096983 -3e-06 -0.440858 -0.897577
-0.866869 41.5787 -9.91007 0.167662 0.159137 -0.946934 -0.216728 -0.237373
-0.986652 41.9979 -9.81501 0.170486 0.154786 -0.941088 -0.256932 -0.219861
-0.866869 41.8582 -10.1623 0.167662 0.151994 -0.927498 -0.307456 -0.212647
-0.986652 41.8022 -9.63419 0.170486 0.159482 -0.947331 -0.217328 -0.23523
-0.986652 41.9979 -9.81501 0.170486 0.154786 -0.941088 -0.256932 -0.219861
-0.866869 41.5787 -9.91007 0.167662 0.159137 -0.946934 -0.216728 -0.237373
-2.00904 41.5787 -9.91007 0.194594 0.159137 1e-06 0.776961 -0.629549
-0.986652 41.8022 -9.63419 0.170486 0.159482 1e-06 0.776961 -0.629549
-0.866869 41.5787 -9.91007 0.167662 0.159137 0 0.776963 -0.629547
-1.90084 41.8022 -9.63419 0.192043 0.159482 3e-06 0.776959 -0.629551
-0.986652 41.8022 -9.63419 0.170486 0.159482 1e-06 0.776961 -0.629549
-2.00904 41.5787 -9.91007 0.194594 0.159137 1e-06 0.776961 -0.629549
-2.00904 41.5787 -9.91007 0.194594 0.159137 0.956066 -0.197664 -0.216487
-1.90084 41.9979 -9.81501 0.192043 0.154786 0.951135 -0.234669 -0.200679
-1.90084 41.8022 -9.63419 0.192043 0.159482 0.956399 -0.198196 -0.21452
-2.00904 41.8582 -10.1623 0.194594 0.151994 0.939617 -0.281537 -0.194568
-1.90084 41.9979 -9.81501 0.192043 0.154786 0.951135 -0.234669 -0.200679
-2.00904 41.5787 -9.91007 0.194594 0.159137 0.956066 -0.197664 -0.216487
-2.00904 41.8582 -10.1623 0.194594 0.151994 0.939617 -0.281537 -0.194568
-1.90084 42.7697 -11.2271 0.192 0.136317 0.977976 -0.04837 -0.203033
-1.90084 41.9979 -9.81501 0.192043 0.154786 0.951135 -0.234669 -0.200679
-2.00904 42.765 -11.7274 0.194499 0.136317 0.975946 -0.056622 -0.21053
-1.90084 42.7697 -11.2271 0.192 0.136317 0.977976 -0.04837 -0.203033
-2.00904 41.8582 -10.1623 0.194594 0.151994 0.939617 -0.281537 -0.194568
-2.00904 44.704 -9.58483 0.194594 0.096983 0.950699 0.229887 -0.208141
-1.90084 42.7697 -11.2271 0.192 0.136317 0.977976 -0.04837 -0.203033
-2.00904 42.765 -11.7274 0.194499 0.136317 0.975946 -0.056622 -0.21053
-1.90084 44.3948 -9.43295 0.192043 0.098467 0.95054 0.230201 -0.208521
-1.90084 42.7697 -11.2271 0.192 0.136317 0.977976 -0.04837 -0.203033
-2.00904 44.704 -9.58483 0.194594 0.096983 0.950699 0.229887 -0.208141
-2.00904 44.704 -9.58483 0.194594 0.096983 -3e-06 -0.44086 -0.897576
-0.986652 44.3948 -9.43295 0.170486 0.098467 -3e-06 -0.44086 -0.897576
-1.90084 44.3948 -9.43295 0.192043 0.098467 -3e-06 -0.440861 -0.897576
-0.866869 44.704 -9.58483 0.167662 0.096983 -2e-06 -0.44086 -0.897576
-0.986652 44.3948 -9.43295 0.170486 0.098467 -3e-06 -0.44086 -0.897576
-2.00904 44.704 -9.58483 0.194594 0.096983 -3e-06 -0.44086 -0.897576
-0.866869 44.704 -9.58483 0.167662 0.096983 -0.940556 0.251773 -0.227957
-0.986652 42.7697 -11.2271 0.170464 0.136317 -0.973242 -0.052557 -0.223693
-0.986652 44.3948 -9.43295 0.170486 0.098467 -0.940367 0.252109 -0.228367
-0.866869 42.765 -11.7274 0.1677 0.136317 -0.970816 -0.061342 -0.23185
-0.986652 42.7697 -11.2271 0.170464 0.136317 -0.973242 -0.052557 -0.223693
-0.866869 44.704 -9.58483 0.167662 0.096983 -0.940556 0.251773 -0.227957
-0.866869 41.8582 -10.1623 0.167662 0.151994 -0.927498 -0.307456 -0.212647
-0.986652 42.7697 -11.2271 0.170464 0.136317 -0.973242 -0.052557 -0.223693
-0.866869 42.765 -11.7274 0.1677 0.136317 -0.970816 -0.061342 -0.23185
-0.986652 41.9979 -9.81501 0.170486 0.154786 -0.941088 -0.256932 -0.219861
-0.986652 42.7697 -11.2271 0.170464 0.136317 -0.973242 -0.052557 -0.223693
-0.866869 41.8582 -10.1623 0.167662 0.151994 -0.927498 -0.307456 -0.212647
-2.35023 41.5787 -9.91007 0.202639 0.159137 -0.956067 -0.197662 -0.216487
-2.45843 41.9979 -9.81501 0.205191 0.154786 -0.951135 -0.234669 -0.200679
-2.35023 41.8582 -10.1623 0.202639 0.151994 -0.939617 -0.281537 -0.194569
-2.45843 41.8022 -9.63419 0.205191 0.159482 -0.9564 -0.198194 -0.214517
-2.45843 41.9979 -9.81501 0.205191 0.154786 -0.951135 -0.234669 -0.200679
-2.35023 41.5787 -9.91007 0.202639 0.159137 -0.956067 -0.197662 -0.216487
-2.35023 41.5787 -9.91007 0.202639 0.159137 1e-06 0.77696 -0.62955
-3.34067 41.8022 -9.63419 0.225994 0.159482 1e-06 0.77696 -0.62955
-2.45843 41.8022 -9.63419 0.205191 0.159482 0 0.776959 -0.629551
-3.45093 41.5787 -9.91007 0.228593 0.159138 2e-06 0.776961 -0.629549
-3.34067 41.8022 -9.63419 0.225994 0.159482 1e-06 0.77696 -0.62955
-2.35023 41.5787 -9.91007 0.202639 0.159137 1e-06 0.77696 -0.62955
-3.45093 41.5787 -9.91007 0.228593 0.159138 0.954495 -0.201084 -0.220238
-3.34067 41.9979 -9.81501 0.225993 0.154786 0.949404 -0.238671 -0.204127
-3.34067 41.8022 -9.63419 0.225994 0.159482 0.954839 -0.201628 -0.21824
-3.45093 41.8582 -10.1623 0.228593 0.151994 0.937523 -0.286211 -0.197826
-3.34067 41.9979 -9.81501 0.225993 0.154786 0.949404 -0.238671 -0.204127
-3.45093 41.5787 -9.91007 0.228593 0.159138 0.954495 -0.201084 -0.220238
-3.45093 41.8582 -10.1623 0.228593 0.151994 0.937523 -0.286211 -0.197826
-3.34067 42.7697 -11.2271 0.225918 0.136317 0.977166 -0.049129 -0.20672
-3.34067 41.9979 -9.81501 0.225993 0.154786 0.949404 -0.238671 -0.204127
-3.45093 42.765 -11.7274 0.22835 0.136317 0.975067 -0.05748 -0.214336
-3.34067 42.7697 -11.2271 0.225918 0.136317 0.977166 -0.049129 -0.20672
-3.45093 41.8582 -10.1623 0.228593 0.151994 0.937523 -0.286211 -0.197826
-3.45093 44.704 -9.58483 0.228593 0.096983 0.948951 0.233822 -0.211704
-3.34067 42.7697 -11.2271 0.225918 0.136317 0.977166 -0.049129 -0.20672
-3.45093 42.765 -11.7274 0.22835 0.136317 0.975067 -0.05748 -0.214336
-3.34067 44.3948 -9.43295 0.225993 0.098467 0.948788 0.234138 -0.212088
-3.34067 42.7697 -11.2271 0.225918 0.136317 0.977166 -0.049129 -0.20672
-3.45093 44.704 -9.58483 0.228593 0.096983 0.948951 0.233822 -0.211704
-2.35023 44.704 -9.58483 0.202639 0.096983 -5e-06 -0.440853 -0.897579
-3.34067 44.3948 -9.43295 0.225993 0.098467 -5e-06 -0.440853 -0.897579
-3.45093 44.704 -9.58483 0.228593 0.096983 0 -0.44086 -0.897576
-2.45843 44.3948 -9.43295 0.205191 0.098467 -9e-06 -0.440845 -0.897583
-3.34067 44.3948 -9.43295 0.225993 0.098467 -5e-06 -0.440853 -0.897579
-2.35023 44.704 -9.58483 0.202639 0.096983 -5e-06 -0.440853 -0.897579
-2.35023 44.704 -9.58483 0.202639 0.096983 -0.9507 0.229886 -0.20814
-2.45843 42.7697 -11.2271 0.205135 0.136317 -0.977976 -0.048371 -0.203033
-2.45843 44.3948 -9.43295 0.205191 0.098467 -0.950541 0.230198 -0.208518
-2.35023 42.765 -11.7274 0.202514 0.136317 -0.975946 -0.056621 -0.210531
-2.45843 42.7697 -11.2271 0.205135 0.136317 -0.977976 -0.048371 -0.203033
-2.35023 44.704 -9.58483 0.202639 0.096983 -0.9507 0.229886 -0.20814
-2.35023 41.8582 -10.1623 0.202639 0.151994 -0.939617 -0.281537 -0.194569
-2.45843 42.7697 -11.2271 0.205135 0.136317 -0.977976 -0.048371 -0.203033
-2.35023 42.765 -11.7274 0.202514 0.136317 -0.975946 -0.056621 -0.210531
-2.45843 41.9979 -9.81501 0.205191 0.154786 -0.951135 -0.234669 -0.200679
-2.45843 42.7697 -11.2271 0.205135 0.136317 -0.977976 -0.048371 -0.203033
-2.35023 41.8582 -10.1623 0.202639 0.151994 -0.939617 -0.281537 -0.194569
