Vertex Count: 396

Data:

-0.782999 24.0335 -25.9855 0.797751 0.390568 0 0.56791 -0.82309
0.782283 25.668 -24.5151 0.812848 0.374661 0 0.56791 -0.82309
0.782283 24.0335 -25.9855 0.797751 0.374661 0 0.56791 -0.82309
-0.783 25.668 -24.5151 0.812848 0.390568 0 0.56791 -0.82309
0.782283 25.668 -24.5151 0.812848 0.374661 0 0.56791 -0.82309
-0.782999 24.0335 -25.9855 0.797751 0.390568 0 0.56791 -0.82309
-0.783 25.668 -24.5151 0.812848 0.390568 0 0.999957 -0.009286
0.782283 25.6902 -22.1193 0.837193 0.374661 0 0.999957 -0.009286
0.782283 25.668 -24.5151 0.812848 0.374661 0 0.999957 -0.009286
-0.783 25.6902 -22.1193 0.837193 0.390568 0 0.999957 -0.009286
0.782283 25.6902 -22.1193 0.837193 0.374661 0 0.999957 -0.009286
-0.783 25.668 -24.5151 0.812848 0.390568 0 0.999957 -0.009286
-0.783 25.6902 -22.1193 0.802564 0.391677 0 0.009286 0.999957
0.782283 24.0695 -22.1043 0.797764 0.396644 0 0.009286 0.999957
0.782283 25.6902 -22.1193 0.797764 0.391677 0 0.009286 0.999957
-0.782999 24.0695 -22.1043 0.802564 0.396644 0 0.009286 0.999957
0.782283 24.0695 -22.1043 0.797764 0.396644 0 0.009286 0.999957
-0.783 25.6902 -22.1193 0.802564 0.391677 0 0.009286 0.999957
-0.782999 24.0695 -22.1043 0.837832 0.425865 -1 0 -0
0.782283 24.0335 -25.9855 0.798388 0.409959 1 0 -0
0.782283 24.0695 -22.1043 0.837832 0.409959 0 -0.999957 0.009286
-0.782999 24.0335 -25.9855 0.798388 0.425865 0 -0.009286 -0.999957
0.782283 24.0335 -25.9855 0.798388 0.409959 1 0 -0
-0.782999 24.0695 -22.1043 0.837832 0.425865 -1 0 -0
-0.783 25.668 -24.5151 0.813077 0.391676 -1 0 -0
-0.782999 24.0695 -22.1043 0.837423 0.408145 -1 0 -0
-0.783 25.6902 -22.1193 0.837423 0.391676 -1 0 -0
-0.782999 24.0335 -25.9855 0.797982 0.408145 -1 0 -0
-0.782999 24.0695 -22.1043 0.837423 0.408145 -1 0 -0
-0.783 25.668 -24.5151 0.813077 0.391676 -1 0 -0
0.782283 25.668 -24.5151 0.813077 0.391676 1 0 -0
0.782283 24.0695 -22.1043 0.837423 0.408145 1 0 -0
0.782283 24.0335 -25.9855 0.797982 0.408145 1 0 -0
0.782283 25.6902 -22.1193 0.837423 0.391676 1 0 -0
0.782283 24.0695 -22.1043 0.837423 0.408145 1 0 -0
0.782283 25.668 -24.5151 0.813077 0.391676 1 0 -0
-0.000269 25.3864 -24.665 0.946885 0.322169 1e-06 0.999957 -0.009286
-0.328828 25.2117 -27.0477 0.952626 0.348194 -0.651422 0.647785 -0.394998
-0.328828 25.2339 -24.6636 0.952554 0.322164 -0.707105 0.707078 -0.006566
-0.000269 25.3642 -27.0491 0.946888 0.348199 2e-06 0.912531 -0.409007
-0.328828 25.2117 -27.0477 0.952626 0.348194 -0.651422 0.647785 -0.394998
-0.000269 25.3864 -24.665 0.946885 0.322169 1e-06 0.999957 -0.009286
0.32829 25.2339 -24.6636 0.987693 0.322164 0.707107 0.707076 -0.006566
-0.000269 25.3642 -27.0491 0.993362 0.348199 2e-06 0.912531 -0.409007
-0.000269 25.3864 -24.665 0.99336 0.322169 1e-06 0.999957 -0.009286
0.32829 25.2117 -27.0477 0.987626 0.348195 0.651424 0.647785 -0.394995
-0.000269 25.3642 -27.0491 0.993362 0.348199 2e-06 0.912531 -0.409007
0.32829 25.2339 -24.6636 0.987693 0.322164 0.707107 0.707076 -0.006566
0.480774 24.9053 -24.6605 0.981944 0.322155 1 -1e-06 0
0.32829 25.2117 -27.0477 0.987626 0.348195 0.651424 0.647785 -0.394995
0.32829 25.2339 -24.6636 0.987693 0.322164 0.707107 0.707076 -0.006566
0.480774 24.8832 -27.0446 0.981845 0.348185 0.91629 -0.00372 -0.400499
0.32829 25.2117 -27.0477 0.987626 0.348195 0.651424 0.647785 -0.394995
0.480774 24.9053 -24.6605 0.981944 0.322155 1 -1e-06 0
0.32829 24.5768 -24.6575 0.976089 0.322145 0.707109 -0.707074 0.006566
0.480774 24.8832 -27.0446 0.981845 0.348185 0.91629 -0.00372 -0.400499
0.480774 24.9053 -24.6605 0.981944 0.322155 1 -1e-06 0
0.32829 24.5546 -27.0416 0.976013 0.348176 0.651425 -0.655007 -0.382899
0.480774 24.8832 -27.0446 0.981845 0.348185 0.91629 -0.00372 -0.400499
0.32829 24.5768 -24.6575 0.976089 0.322145 0.707109 -0.707074 0.006566
-0.000269 24.4243 -24.656 0.970135 0.322141 0 -0.999957 0.009286
0.32829 24.5546 -27.0416 0.976013 0.348176 0.651425 -0.655007 -0.382899
0.32829 24.5768 -24.6575 0.976089 0.322145 0.707109 -0.707074 0.006566
-0.000269 24.4022 -27.0402 0.970132 0.348171 0 -0.919969 -0.391992
0.32829 24.5546 -27.0416 0.976013 0.348176 0.651425 -0.655007 -0.382899
-0.000269 24.4243 -24.656 0.970135 0.322141 0 -0.999957 0.009286
-0.328828 24.5768 -24.6575 0.964177 0.322145 -0.707109 -0.707074 0.006566
-0.000269 24.4022 -27.0402 0.970132 0.348171 0 -0.919969 -0.391992
-0.000269 24.4243 -24.656 0.970135 0.322141 0 -0.999957 0.009286
-0.328828 24.5546 -27.0416 0.964248 0.348175 -0.651427 -0.655006 -0.382898
-0.000269 24.4022 -27.0402 0.970132 0.348171 0 -0.919969 -0.391992
-0.328828 24.5768 -24.6575 0.964177 0.322145 -0.707109 -0.707074 0.006566
-0.481313 24.9053 -24.6605 0.958313 0.322154 -1 1e-06 -0
-0.328828 24.5546 -27.0416 0.964248 0.348175 -0.651427 -0.655006 -0.382898
-0.328828 24.5768 -24.6575 0.964177 0.322145 -0.707109 -0.707074 0.006566
-0.481313 24.8832 -27.0446 0.958411 0.348185 -0.91629 -0.003719 -0.400498
-0.328828 24.5546 -27.0416 0.964248 0.348175 -0.651427 -0.655006 -0.382898
-0.481313 24.9053 -24.6605 0.958313 0.322154 -1 1e-06 -0
-0.328828 25.2339 -24.6636 0.952554 0.322164 -0.707105 0.707078 -0.006566
-0.481313 24.8832 -27.0446 0.958411 0.348185 -0.91629 -0.003719 -0.400498
-0.481313 24.9053 -24.6605 0.958313 0.322154 -1 1e-06 -0
-0.328828 25.2117 -27.0477 0.952626 0.348194 -0.651422 0.647785 -0.394998
-0.481313 24.8832 -27.0446 0.958411 0.348185 -0.91629 -0.003719 -0.400498
-0.328828 25.2339 -24.6636 0.952554 0.322164 -0.707105 0.707078 -0.006566
-0.000269 25.1558 -34.1999 0.946899 0.426281 0 -0.968472 -0.249121
-0.000269 24.8286 -32.9277 0.969901 0.412416 1e-06 -0.009289 -0.999957
-0.231836 25.0483 -34.1989 0.952916 0.426278 0.684678 -0.686968 -0.243497
0.231297 25.0483 -34.1989 0.987351 0.426278 -0.684678 -0.686968 -0.243498
-0.000269 24.8286 -32.9277 0.969901 0.412416 1e-06 -0.009289 -0.999957
-0.000269 25.1558 -34.1999 0.993374 0.426281 0 -0.968472 -0.249121
0.338767 24.8168 -34.1968 0.981466 0.426271 -0.966117 -0.002399 -0.258092
-0.000269 24.8286 -32.9277 0.969901 0.412416 1e-06 -0.009289 -0.999957
0.231297 25.0483 -34.1989 0.987351 0.426278 -0.684678 -0.686968 -0.243498
0.231297 24.5852 -34.1946 0.975731 0.426264 -0.684679 0.682326 -0.256214
-0.000269 24.8286 -32.9277 0.969901 0.412416 1e-06 -0.009289 -0.999957
0.338767 24.8168 -34.1968 0.981466 0.426271 -0.966117 -0.002399 -0.258092
-0.000269 24.4778 -34.1936 0.970119 0.426261 1e-06 0.963678 -0.267065
-0.000269 24.8286 -32.9277 0.969901 0.412416 1e-06 -0.009289 -0.999957
0.231297 24.5852 -34.1946 0.975731 0.426264 -0.684679 0.682326 -0.256214
-0.231836 24.5852 -34.1946 0.964511 0.426264 0.684679 0.682326 -0.256214
-0.000269 24.8286 -32.9277 0.969901 0.412416 1e-06 -0.009289 -0.999957
-0.000269 24.4778 -34.1936 0.970119 0.426261 1e-06 0.963678 -0.267065
-0.339306 24.8168 -34.1968 0.958788 0.426271 0.966117 -0.002398 -0.258092
-0.000269 24.8286 -32.9277 0.969901 0.412416 1e-06 -0.009289 -0.999957
-0.231836 24.5852 -34.1946 0.964511 0.426264 0.684679 0.682326 -0.256214
-0.231836 25.0483 -34.1989 0.952916 0.426278 0.684678 -0.686968 -0.243497
-0.000269 24.8286 -32.9277 0.969901 0.412416 1e-06 -0.009289 -0.999957
-0.339306 24.8168 -34.1968 0.958788 0.426271 0.966117 -0.002398 -0.258092
-0.328828 25.2117 -27.0477 0.952626 0.348194 -0.651422 0.647785 -0.394998
-0.000269 25.283 -27.126 0.946887 0.349044 2e-06 0.908848 -0.417129
-0.273834 25.156 -27.1248 0.952614 0.34904 -0.649003 0.645289 -0.402985
-0.000269 25.3642 -27.0491 0.946888 0.348199 2e-06 0.912531 -0.409007
-0.000269 25.283 -27.126 0.946887 0.349044 2e-06 0.908848 -0.417129
-0.328828 25.2117 -27.0477 0.952626 0.348194 -0.651422 0.647785 -0.394998
0.32829 25.2117 -27.0477 0.987626 0.348195 0.651424 0.647785 -0.394995
-0.000269 25.283 -27.126 0.993362 0.349044 2e-06 0.908848 -0.417129
-0.000269 25.3642 -27.0491 0.993362 0.348199 2e-06 0.912531 -0.409007
0.273295 25.156 -27.1248 0.987636 0.34904 0.649004 0.64529 -0.402982
-0.000269 25.283 -27.126 0.993362 0.349044 2e-06 0.908848 -0.417129
0.32829 25.2117 -27.0477 0.987626 0.348195 0.651424 0.647785 -0.394995
0.32829 25.2117 -27.0477 0.987626 0.348195 0.651424 0.647785 -0.394995
0.400256 24.8825 -27.1223 0.981861 0.349032 0.912681 -0.003797 -0.408654
0.273295 25.156 -27.1248 0.987636 0.34904 0.649004 0.64529 -0.402982
0.480774 24.8832 -27.0446 0.981845 0.348185 0.91629 -0.00372 -0.400499
0.400256 24.8825 -27.1223 0.981861 0.349032 0.912681 -0.003797 -0.408654
0.32829 25.2117 -27.0477 0.987626 0.348195 0.651424 0.647785 -0.394995
0.32829 24.5546 -27.0416 0.976013 0.348176 0.651425 -0.655007 -0.382899
0.400256 24.8825 -27.1223 0.981861 0.349032 0.912681 -0.003797 -0.408654
0.480774 24.8832 -27.0446 0.981845 0.348185 0.91629 -0.00372 -0.400499
0.273294 24.6089 -27.1197 0.976026 0.349025 0.649004 -0.652662 -0.39093
0.400256 24.8825 -27.1223 0.981861 0.349032 0.912681 -0.003797 -0.408654
0.32829 24.5546 -27.0416 0.976013 0.348176 0.651425 -0.655007 -0.382899
0.32829 24.5546 -27.0416 0.976013 0.348176 0.651425 -0.655007 -0.382899
-0.000269 24.482 -27.1185 0.970132 0.34902 0 -0.916436 -0.40018
0.273294 24.6089 -27.1197 0.976026 0.349025 0.649004 -0.652662 -0.39093
-0.000269 24.4022 -27.0402 0.970132 0.348171 0 -0.919969 -0.391992
-0.000269 24.482 -27.1185 0.970132 0.34902 0 -0.916436 -0.40018
0.32829 24.5546 -27.0416 0.976013 0.348176 0.651425 -0.655007 -0.382899
-0.328828 24.5546 -27.0416 0.964248 0.348175 -0.651427 -0.655006 -0.382898
-0.000269 24.482 -27.1185 0.970132 0.34902 0 -0.916436 -0.40018
-0.000269 24.4022 -27.0402 0.970132 0.348171 0 -0.919969 -0.391992
-0.273833 24.6089 -27.1197 0.964237 0.349024 -0.649006 -0.65266 -0.390929
-0.000269 24.482 -27.1185 0.970132 0.34902 0 -0.916436 -0.40018
-0.328828 24.5546 -27.0416 0.964248 0.348175 -0.651427 -0.655006 -0.382898
-0.328828 24.5546 -27.0416 0.964248 0.348175 -0.651427 -0.655006 -0.382898
-0.400794 24.8825 -27.1223 0.958395 0.349032 -0.912682 -0.003795 -0.408653
-0.273833 24.6089 -27.1197 0.964237 0.349024 -0.649006 -0.65266 -0.390929
-0.481313 24.8832 -27.0446 0.958411 0.348185 -0.91629 -0.003719 -0.400498
-0.400794 24.8825 -27.1223 0.958395 0.349032 -0.912682 -0.003795 -0.408653
-0.328828 24.5546 -27.0416 0.964248 0.348175 -0.651427 -0.655006 -0.382898
-0.328828 25.2117 -27.0477 0.952626 0.348194 -0.651422 0.647785 -0.394998
-0.400794 24.8825 -27.1223 0.958395 0.349032 -0.912682 -0.003795 -0.408653
-0.481313 24.8832 -27.0446 0.958411 0.348185 -0.91629 -0.003719 -0.400498
-0.273834 25.156 -27.1248 0.952614 0.34904 -0.649003 0.645289 -0.402985
-0.400794 24.8825 -27.1223 0.958395 0.349032 -0.912682 -0.003795 -0.408653
-0.328828 25.2117 -27.0477 0.952626 0.348194 -0.651422 0.647785 -0.394998
-0.000269 25.283 -27.126 0.946887 0.349044 2e-06 0.908848 -0.417129
-0.251835 25.1177 -28.8777 0.952678 0.36818 -0.692662 0.694498 0.194658
-0.273834 25.156 -27.1248 0.952614 0.34904 -0.649003 0.645289 -0.402985
-0.000269 25.2345 -28.8788 0.946889 0.368184 0 0.98004 0.198799
-0.251835 25.1177 -28.8777 0.952678 0.36818 -0.692662 0.694498 0.194658
-0.000269 25.283 -27.126 0.946887 0.349044 2e-06 0.908848 -0.417129
0.273295 25.156 -27.1248 0.987636 0.34904 0.649004 0.64529 -0.402982
-0.000269 25.2345 -28.8788 0.993365 0.368184 0 0.98004 0.198799
-0.000269 25.283 -27.126 0.993362 0.349044 2e-06 0.908848 -0.417129
0.251296 25.1177 -28.8777 0.987577 0.36818 0.692662 0.694498 0.194657
-0.000269 25.2345 -28.8788 0.993365 0.368184 0 0.98004 0.198799
0.273295 25.156 -27.1248 0.987636 0.34904 0.649004 0.64529 -0.402982
0.400256 24.8825 -27.1223 0.981861 0.349032 0.912681 -0.003797 -0.408654
0.251296 25.1177 -28.8777 0.987577 0.36818 0.692662 0.694498 0.194657
0.273295 25.156 -27.1248 0.987636 0.34904 0.649004 0.64529 -0.402982
0.368048 24.8662 -28.8754 0.981777 0.368173 0.978152 0.001928 0.20788
0.251296 25.1177 -28.8777 0.987577 0.36818 0.692662 0.694498 0.194657
0.400256 24.8825 -27.1223 0.981861 0.349032 0.912681 -0.003797 -0.408654
0.273294 24.6089 -27.1197 0.976026 0.349025 0.649004 -0.652662 -0.39093
0.368048 24.8662 -28.8754 0.981777 0.368173 0.978152 0.001928 0.20788
0.400256 24.8825 -27.1223 0.981861 0.349032 0.912681 -0.003797 -0.408654
0.251296 24.6146 -28.8731 0.97596 0.368165 0.692662 -0.690765 0.207518
0.368048 24.8662 -28.8754 0.981777 0.368173 0.978152 0.001928 0.20788
0.273294 24.6089 -27.1197 0.976026 0.349025 0.649004 -0.652662 -0.39093
-0.000269 24.482 -27.1185 0.970132 0.34902 0 -0.916436 -0.40018
0.251296 24.6146 -28.8731 0.97596 0.368165 0.692662 -0.690765 0.207518
0.273294 24.6089 -27.1197 0.976026 0.349025 0.649004 -0.652662 -0.39093
-0.000269 24.4979 -28.872 0.97013 0.368162 0 -0.97618 0.216961
0.251296 24.6146 -28.8731 0.97596 0.368165 0.692662 -0.690765 0.207518
-0.000269 24.482 -27.1185 0.970132 0.34902 0 -0.916436 -0.40018
-0.273833 24.6089 -27.1197 0.964237 0.349024 -0.649006 -0.65266 -0.390929
-0.000269 24.4979 -28.872 0.97013 0.368162 0 -0.97618 0.216961
-0.000269 24.482 -27.1185 0.970132 0.34902 0 -0.916436 -0.40018
-0.251835 24.6146 -28.8731 0.964298 0.368165 -0.692662 -0.690765 0.207517
-0.000269 24.4979 -28.872 0.97013 0.368162 0 -0.97618 0.216961
-0.273833 24.6089 -27.1197 0.964237 0.349024 -0.649006 -0.65266 -0.390929
-0.400794 24.8825 -27.1223 0.958395 0.349032 -0.912682 -0.003795 -0.408653
-0.251835 24.6146 -28.8731 0.964298 0.368165 -0.692662 -0.690765 0.207517
-0.273833 24.6089 -27.1197 0.964237 0.349024 -0.649006 -0.65266 -0.390929
-0.368587 24.8662 -28.8754 0.95848 0.368173 -0.978152 0.001928 0.20788
-0.251835 24.6146 -28.8731 0.964298 0.368165 -0.692662 -0.690765 0.207517
-0.400794 24.8825 -27.1223 0.958395 0.349032 -0.912682 -0.003795 -0.408653
-0.273834 25.156 -27.1248 0.952614 0.34904 -0.649003 0.645289 -0.402985
-0.368587 24.8662 -28.8754 0.95848 0.368173 -0.978152 0.001928 0.20788
-0.400794 24.8825 -27.1223 0.958395 0.349032 -0.912682 -0.003795 -0.408653
-0.251835 25.1177 -28.8777 0.952678 0.36818 -0.692662 0.694498 0.194658
-0.368587 24.8662 -28.8754 0.95848 0.368173 -0.978152 0.001928 0.20788
-0.273834 25.156 -27.1248 0.952614 0.34904 -0.649003 0.645289 -0.402985
-0.000269 25.2345 -28.8788 0.946889 0.368184 0 0.98004 0.198799
-0.298581 25.1631 -29.026 0.952686 0.369796 -0.691889 0.693774 0.199919
-0.251835 25.1177 -28.8777 0.952678 0.36818 -0.692662 0.694498 0.194658
-0.00027 25.3016 -29.0273 0.94689 0.3698 1e-06 0.978924 0.204225
-0.298581 25.1631 -29.026 0.952686 0.369796 -0.691889 0.693774 0.199919
-0.000269 25.2345 -28.8788 0.946889 0.368184 0 0.98004 0.198799
-0.000269 25.2345 -28.8788 0.993365 0.368184 0 0.98004 0.198799
0.298042 25.1631 -29.026 0.987569 0.369796 0.691889 0.693774 0.199918
-0.00027 25.3016 -29.0273 0.993365 0.369799 1e-06 0.978924 0.204225
0.251296 25.1177 -28.8777 0.987577 0.36818 0.692662 0.694498 0.194657
0.298042 25.1631 -29.026 0.987569 0.369796 0.691889 0.693774 0.199918
-0.000269 25.2345 -28.8788 0.993365 0.368184 0 0.98004 0.198799
0.368048 24.8662 -28.8754 0.981777 0.368173 0.978152 0.001928 0.20788
0.298042 25.1631 -29.026 0.987569 0.369796 0.691889 0.693774 0.199918
0.251296 25.1177 -28.8777 0.987577 0.36818 0.692662 0.694498 0.194657
0.436489 24.8648 -29.0232 0.981766 0.369787 0.976986 0.00198 0.213294
0.298042 25.1631 -29.026 0.987569 0.369796 0.691889 0.693774 0.199918
0.368048 24.8662 -28.8754 0.981777 0.368173 0.978152 0.001928 0.20788
0.368048 24.8662 -28.8754 0.981777 0.368173 0.978152 0.001928 0.20788
0.298042 24.5665 -29.0205 0.975952 0.369778 0.691889 -0.689942 0.212765
0.436489 24.8648 -29.0232 0.981766 0.369787 0.976986 0.00198 0.213294
0.251296 24.6146 -28.8731 0.97596 0.368165 0.692662 -0.690765 0.207518
0.298042 24.5665 -29.0205 0.975952 0.369778 0.691889 -0.689942 0.212765
0.368048 24.8662 -28.8754 0.981777 0.368173 0.978152 0.001928 0.20788
-0.000269 24.4979 -28.872 0.97013 0.368162 0 -0.97618 0.216961
0.298042 24.5665 -29.0205 0.975952 0.369778 0.691889 -0.689942 0.212765
0.251296 24.6146 -28.8731 0.97596 0.368165 0.692662 -0.690765 0.207518
-0.000269 24.4281 -29.0192 0.970129 0.369774 -1e-06 -0.974964 0.222364
0.298042 24.5665 -29.0205 0.975952 0.369778 0.691889 -0.689942 0.212765
-0.000269 24.4979 -28.872 0.97013 0.368162 0 -0.97618 0.216961
-0.000269 24.4979 -28.872 0.97013 0.368162 0 -0.97618 0.216961
-0.298581 24.5665 -29.0205 0.964306 0.369778 -0.691889 -0.689943 0.212763
-0.000269 24.4281 -29.0192 0.970129 0.369774 -1e-06 -0.974964 0.222364
-0.251835 24.6146 -28.8731 0.964298 0.368165 -0.692662 -0.690765 0.207517
-0.298581 24.5665 -29.0205 0.964306 0.369778 -0.691889 -0.689943 0.212763
-0.000269 24.4979 -28.872 0.97013 0.368162 0 -0.97618 0.216961
-0.368587 24.8662 -28.8754 0.95848 0.368173 -0.978152 0.001928 0.20788
-0.298581 24.5665 -29.0205 0.964306 0.369778 -0.691889 -0.689943 0.212763
-0.251835 24.6146 -28.8731 0.964298 0.368165 -0.692662 -0.690765 0.207517
-0.437027 24.8648 -29.0232 0.958491 0.369787 -0.976986 0.001979 0.213294
-0.298581 24.5665 -29.0205 0.964306 0.369778 -0.691889 -0.689943 0.212763
-0.368587 24.8662 -28.8754 0.95848 0.368173 -0.978152 0.001928 0.20788
-0.368587 24.8662 -28.8754 0.95848 0.368173 -0.978152 0.001928 0.20788
-0.298581 25.1631 -29.026 0.952686 0.369796 -0.691889 0.693774 0.199919
-0.437027 24.8648 -29.0232 0.958491 0.369787 -0.976986 0.001979 0.213294
-0.251835 25.1177 -28.8777 0.952678 0.36818 -0.692662 0.694498 0.194658
-0.298581 25.1631 -29.026 0.952686 0.369796 -0.691889 0.693774 0.199919
-0.368587 24.8662 -28.8754 0.95848 0.368173 -0.978152 0.001928 0.20788
-0.00027 25.3016 -29.0273 0.94689 0.3698 1e-06 0.978924 0.204225
-0.287555 25.1313 -31.2665 0.952766 0.394258 -0.697465 0.695908 -0.171041
-0.298581 25.1631 -29.026 0.952686 0.369796 -0.691889 0.693774 0.199919
-0.00027 25.2646 -31.2678 0.946893 0.394262 1e-06 0.983785 -0.179353
-0.287555 25.1313 -31.2665 0.952766 0.394258 -0.697465 0.695908 -0.171041
-0.00027 25.3016 -29.0273 0.94689 0.3698 1e-06 0.978924 0.204225
0.298042 25.1631 -29.026 0.987569 0.369796 0.691889 0.693774 0.199918
-0.00027 25.2646 -31.2678 0.993369 0.394262 1e-06 0.983785 -0.179353
-0.00027 25.3016 -29.0273 0.993365 0.369799 1e-06 0.978924 0.204225
0.287016 25.1313 -31.2665 0.987494 0.394258 0.697465 0.695908 -0.171041
-0.00027 25.2646 -31.2678 0.993369 0.394262 1e-06 0.983785 -0.179353
0.298042 25.1631 -29.026 0.987569 0.369796 0.691889 0.693774 0.199918
0.436489 24.8648 -29.0232 0.981766 0.369787 0.976986 0.00198 0.213294
0.287016 25.1313 -31.2665 0.987494 0.394258 0.697465 0.695908 -0.171041
0.298042 25.1631 -29.026 0.987569 0.369796 0.691889 0.693774 0.199918
0.420346 24.844 -31.2638 0.98166 0.39425 0.985408 -0.001581 -0.170205
0.287016 25.1313 -31.2665 0.987494 0.394258 0.697465 0.695908 -0.171041
0.436489 24.8648 -29.0232 0.981766 0.369787 0.976986 0.00198 0.213294
0.298042 24.5665 -29.0205 0.975952 0.369778 0.691889 -0.689942 0.212765
0.420346 24.844 -31.2638 0.98166 0.39425 0.985408 -0.001581 -0.170205
0.436489 24.8648 -29.0232 0.981766 0.369787 0.976986 0.00198 0.213294
0.287016 24.5567 -31.2612 0.975873 0.394241 0.697467 -0.698962 -0.158087
0.420346 24.844 -31.2638 0.98166 0.39425 0.985408 -0.001581 -0.170205
0.298042 24.5665 -29.0205 0.975952 0.369778 0.691889 -0.689942 0.212765
-0.000269 24.4281 -29.0192 0.970129 0.369774 -1e-06 -0.974964 0.222364
0.287016 24.5567 -31.2612 0.975873 0.394241 0.697467 -0.698962 -0.158087
0.298042 24.5665 -29.0205 0.975952 0.369778 0.691889 -0.689942 0.212765
-0.000269 24.4234 -31.2599 0.970126 0.394237 0 -0.986946 -0.161054
0.287016 24.5567 -31.2612 0.975873 0.394241 0.697467 -0.698962 -0.158087
-0.000269 24.4281 -29.0192 0.970129 0.369774 -1e-06 -0.974964 0.222364
-0.298581 24.5665 -29.0205 0.964306 0.369778 -0.691889 -0.689943 0.212763
-0.000269 24.4234 -31.2599 0.970126 0.394237 0 -0.986946 -0.161054
-0.000269 24.4281 -29.0192 0.970129 0.369774 -1e-06 -0.974964 0.222364
-0.287554 24.5567 -31.2612 0.96438 0.394241 -0.697467 -0.698962 -0.158086
-0.000269 24.4234 -31.2599 0.970126 0.394237 0 -0.986946 -0.161054
-0.298581 24.5665 -29.0205 0.964306 0.369778 -0.691889 -0.689943 0.212763
-0.437027 24.8648 -29.0232 0.958491 0.369787 -0.976986 0.001979 0.213294
-0.287554 24.5567 -31.2612 0.96438 0.394241 -0.697467 -0.698962 -0.158086
-0.298581 24.5665 -29.0205 0.964306 0.369778 -0.691889 -0.689943 0.212763
-0.420884 24.844 -31.2638 0.958596 0.39425 -0.985408 -0.001582 -0.170203
-0.287554 24.5567 -31.2612 0.96438 0.394241 -0.697467 -0.698962 -0.158086
-0.437027 24.8648 -29.0232 0.958491 0.369787 -0.976986 0.001979 0.213294
-0.298581 25.1631 -29.026 0.952686 0.369796 -0.691889 0.693774 0.199919
-0.420884 24.844 -31.2638 0.958596 0.39425 -0.985408 -0.001582 -0.170203
-0.437027 24.8648 -29.0232 0.958491 0.369787 -0.976986 0.001979 0.213294
-0.287555 25.1313 -31.2665 0.952766 0.394258 -0.697465 0.695908 -0.171041
-0.420884 24.844 -31.2638 0.958596 0.39425 -0.985408 -0.001582 -0.170203
-0.298581 25.1631 -29.026 0.952686 0.369796 -0.691889 0.693774 0.199919
-0.287555 25.1313 -31.2665 0.952766 0.394258 -0.697465 0.695908 -0.171041
-0.00027 25.2088 -31.4243 0.946893 0.395976 0 0.983553 -0.180621
-0.250409 25.0927 -31.4232 0.952782 0.395972 -0.697319 0.695751 -0.172269
-0.00027 25.2646 -31.2678 0.946893 0.394262 1e-06 0.983785 -0.179353
-0.00027 25.2088 -31.4243 0.946893 0.395976 0 0.983553 -0.180621
-0.287555 25.1313 -31.2665 0.952766 0.394258 -0.697465 0.695908 -0.171041
0.287016 25.1313 -31.2665 0.987494 0.394258 0.697465 0.695908 -0.171041
-0.00027 25.2088 -31.4243 0.993369 0.395975 0 0.983553 -0.180621
-0.00027 25.2646 -31.2678 0.993369 0.394262 1e-06 0.983785 -0.179353
0.24987 25.0927 -31.4232 0.987479 0.395972 0.697319 0.695751 -0.172269
-0.00027 25.2088 -31.4243 0.993369 0.395975 0 0.983553 -0.180621
0.287016 25.1313 -31.2665 0.987494 0.394258 0.697465 0.695908 -0.171041
0.287016 25.1313 -31.2665 0.987494 0.394258 0.697465 0.695908 -0.171041
0.36596 24.8426 -31.4209 0.981638 0.395965 0.985187 -0.001592 -0.171475
0.24987 25.0927 -31.4232 0.987479 0.395972 0.697319 0.695751 -0.172269
0.420346 24.844 -31.2638 0.98166 0.39425 0.985408 -0.001581 -0.170205
0.36596 24.8426 -31.4209 0.981638 0.395965 0.985187 -0.001592 -0.171475
0.287016 25.1313 -31.2665 0.987494 0.394258 0.697465 0.695908 -0.171041
0.287016 24.5567 -31.2612 0.975873 0.394241 0.697467 -0.698962 -0.158087
0.36596 24.8426 -31.4209 0.981638 0.395965 0.985187 -0.001592 -0.171475
0.420346 24.844 -31.2638 0.98166 0.39425 0.985408 -0.001581 -0.170205
0.24987 24.5924 -31.4186 0.975857 0.395957 0.697321 -0.698828 -0.15932
0.36596 24.8426 -31.4209 0.981638 0.395965 0.985187 -0.001592 -0.171475
0.287016 24.5567 -31.2612 0.975873 0.394241 0.697467 -0.698962 -0.158087
0.287016 24.5567 -31.2612 0.975873 0.394241 0.697467 -0.698962 -0.158087
-0.000269 24.4763 -31.4175 0.970125 0.395954 0 -0.986737 -0.162326
0.24987 24.5924 -31.4186 0.975857 0.395957 0.697321 -0.698828 -0.15932
-0.000269 24.4234 -31.2599 0.970126 0.394237 0 -0.986946 -0.161054
-0.000269 24.4763 -31.4175 0.970125 0.395954 0 -0.986737 -0.162326
0.287016 24.5567 -31.2612 0.975873 0.394241 0.697467 -0.698962 -0.158087
-0.287554 24.5567 -31.2612 0.96438 0.394241 -0.697467 -0.698962 -0.158086
-0.000269 24.4763 -31.4175 0.970125 0.395954 0 -0.986737 -0.162326
-0.000269 24.4234 -31.2599 0.970126 0.394237 0 -0.986946 -0.161054
-0.250409 24.5924 -31.4186 0.964395 0.395957 -0.697321 -0.698828 -0.159319
-0.000269 24.4763 -31.4175 0.970125 0.395954 0 -0.986737 -0.162326
-0.287554 24.5567 -31.2612 0.96438 0.394241 -0.697467 -0.698962 -0.158086
-0.287554 24.5567 -31.2612 0.96438 0.394241 -0.697467 -0.698962 -0.158086
-0.366499 24.8426 -31.4209 0.958617 0.395965 -0.985188 -0.001593 -0.171473
-0.250409 24.5924 -31.4186 0.964395 0.395957 -0.697321 -0.698828 -0.159319
-0.420884 24.844 -31.2638 0.958596 0.39425 -0.985408 -0.001582 -0.170203
-0.366499 24.8426 -31.4209 0.958617 0.395965 -0.985188 -0.001593 -0.171473
-0.287554 24.5567 -31.2612 0.96438 0.394241 -0.697467 -0.698962 -0.158086
-0.287555 25.1313 -31.2665 0.952766 0.394258 -0.697465 0.695908 -0.171041
-0.366499 24.8426 -31.4209 0.958617 0.395965 -0.985188 -0.001593 -0.171473
-0.420884 24.844 -31.2638 0.958596 0.39425 -0.985408 -0.001582 -0.170203
-0.250409 25.0927 -31.4232 0.952782 0.395972 -0.697319 0.695751 -0.172269
-0.366499 24.8426 -31.4209 0.958617 0.395965 -0.985188 -0.001593 -0.171473
-0.287555 25.1313 -31.2665 0.952766 0.394258 -0.697465 0.695908 -0.171041
-0.00027 25.2088 -31.4243 0.946893 0.395976 0 0.983553 -0.180621
-0.231836 25.0483 -34.1989 0.952916 0.426278 -0.707075 0.706957 -0.016028
-0.250409 25.0927 -31.4232 0.952782 0.395972 -0.697319 0.695751 -0.172269
-0.000269 25.1558 -34.1999 0.946899 0.426281 0 0.999818 -0.01908
-0.231836 25.0483 -34.1989 0.952916 0.426278 -0.707075 0.706957 -0.016028
-0.00027 25.2088 -31.4243 0.946893 0.395976 0 0.983553 -0.180621
0.24987 25.0927 -31.4232 0.987479 0.395972 0.697319 0.695751 -0.172269
-0.000269 25.1558 -34.1999 0.993374 0.426281 0 0.999818 -0.01908
-0.00027 25.2088 -31.4243 0.993369 0.395975 0 0.983553 -0.180621
0.231297 25.0483 -34.1989 0.987351 0.426278 0.707075 0.706957 -0.016027
-0.000269 25.1558 -34.1999 0.993374 0.426281 0 0.999818 -0.01908
0.24987 25.0927 -31.4232 0.987479 0.395972 0.697319 0.695751 -0.172269
0.36596 24.8426 -31.4209 0.981638 0.395965 0.985187 -0.001592 -0.171475
0.231297 25.0483 -34.1989 0.987351 0.426278 0.707075 0.706957 -0.016027
0.24987 25.0927 -31.4232 0.987479 0.395972 0.697319 0.695751 -0.172269
0.338767 24.8168 -34.1968 0.981466 0.426271 0.999952 -9e-05 -0.009795
0.231297 25.0483 -34.1989 0.987351 0.426278 0.707075 0.706957 -0.016027
0.36596 24.8426 -31.4209 0.981638 0.395965 0.985187 -0.001592 -0.171475
0.24987 24.5924 -31.4186 0.975857 0.395957 0.697321 -0.698828 -0.15932
0.338767 24.8168 -34.1968 0.981466 0.426271 0.999952 -9e-05 -0.009795
0.36596 24.8426 -31.4209 0.981638 0.395965 0.985187 -0.001592 -0.171475
0.231297 24.5852 -34.1946 0.975731 0.426264 0.707076 -0.707132 -0.002895
0.338767 24.8168 -34.1968 0.981466 0.426271 0.999952 -9e-05 -0.009795
0.24987 24.5924 -31.4186 0.975857 0.395957 0.697321 -0.698828 -0.15932
-0.000269 24.4763 -31.4175 0.970125 0.395954 0 -0.986737 -0.162326
0.231297 24.5852 -34.1946 0.975731 0.426264 0.707076 -0.707132 -0.002895
0.24987 24.5924 -31.4186 0.975857 0.395957 0.697321 -0.698828 -0.15932
-0.000269 24.4778 -34.1936 0.970119 0.426261 -1e-06 -1 -0.000509
0.231297 24.5852 -34.1946 0.975731 0.426264 0.707076 -0.707132 -0.002895
-0.000269 24.4763 -31.4175 0.970125 0.395954 0 -0.986737 -0.162326
-0.250409 24.5924 -31.4186 0.964395 0.395957 -0.697321 -0.698828 -0.159319
-0.000269 24.4778 -34.1936 0.970119 0.426261 -1e-06 -1 -0.000509
-0.000269 24.4763 -31.4175 0.970125 0.395954 0 -0.986737 -0.162326
-0.231836 24.5852 -34.1946 0.964511 0.426264 -0.707076 -0.707132 -0.002896
-0.000269 24.4778 -34.1936 0.970119 0.426261 -1e-06 -1 -0.000509
-0.250409 24.5924 -31.4186 0.964395 0.395957 -0.697321 -0.698828 -0.159319
-0.366499 24.8426 -31.4209 0.958617 0.395965 -0.985188 -0.001593 -0.171473
-0.231836 24.5852 -34.1946 0.964511 0.426264 -0.707076 -0.707132 -0.002896
-0.250409 24.5924 -31.4186 0.964395 0.395957 -0.697321 -0.698828 -0.159319
-0.339306 24.8168 -34.1968 0.958788 0.426271 -0.999952 -9.1e-05 -0.009796
-0.231836 24.5852 -34.1946 0.964511 0.426264 -0.707076 -0.707132 -0.002896
-0.366499 24.8426 -31.4209 0.958617 0.395965 -0.985188 -0.001593 -0.171473
-0.250409 25.0927 -31.4232 0.952782 0.395972 -0.697319 0.695751 -0.172269
-0.339306 24.8168 -34.1968 0.958788 0.426271 -0.999952 -9.1e-05 -0.009796
-0.366499 24.8426 -31.4209 0.958617 0.395965 -0.985188 -0.001593 -0.171473
-0.231836 25.0483 -34.1989 0.952916 0.426278 -0.707075 0.706957 -0.016028
-0.339306 24.8168 -34.1968 0.958788 0.426271 -0.999952 -9.1e-05 -0.009796
-0.250409 25.0927 -31.4232 0.952782 0.395972 -0.697319 0.695751 -0.172269
