Vertex Count: 324

Data:

4.64108 18.9114 -52.919 0.814552 0.072466 0.670717 0.594893 0.442991
4.35311 19.0889 -52.9206 0.814554 0.070474 0.322363 0.871785 0.368881
3.95972 18.6785 -52.1853 0.81961 0.067752 0 0.700126 0.71402
4.35311 19.0889 -52.9206 0.814554 0.070474 0.322363 0.871785 0.368881
3.95972 19.1539 -52.9212 0.814555 0.067752 0 0.939454 0.342676
3.95972 18.6785 -52.1853 0.81961 0.067752 0 0.700126 0.71402
3.95972 19.1539 -52.9212 0.814555 0.067752 0 0.939454 0.342676
3.56634 19.0889 -52.9206 0.814554 0.065031 -0.322363 0.871785 0.368881
3.95972 18.6785 -52.1853 0.81961 0.067752 0 0.700126 0.71402
3.56634 19.0889 -52.9206 0.814554 0.065031 -0.322363 0.871785 0.368881
3.27836 18.9114 -52.919 0.814552 0.063039 -0.670716 0.594893 0.442992
3.95972 18.6785 -52.1853 0.81961 0.067752 0 0.700126 0.71402
3.27836 18.9114 -52.919 0.814552 0.063039 -0.670716 0.594893 0.442992
3.17296 18.6688 -52.9167 0.81455 0.06231 -0.810018 0.35636 0.465702
3.95972 18.6785 -52.1853 0.81961 0.067752 0 0.700126 0.71402
4.74649 18.6688 -52.9167 0.81455 0.073195 0.810019 0.35636 0.465701
4.64108 18.9114 -52.919 0.814552 0.072466 0.670717 0.594893 0.442991
3.95972 18.6785 -52.1853 0.81961 0.067752 0 0.700126 0.71402
4.64108 18.9114 -52.919 0.814552 0.072466 0.670717 0.594893 0.442991
4.54428 19.2769 -54.6656 0.802497 0.071796 0.350202 0.936634 -0.008698
4.35311 19.0889 -52.9206 0.814554 0.070474 0.322363 0.871785 0.368881
4.97221 19.013 -54.6631 0.802494 0.074757 0.754884 0.65583 -0.00609
4.54428 19.2769 -54.6656 0.802497 0.071796 0.350202 0.936634 -0.008698
4.64108 18.9114 -52.919 0.814552 0.072466 0.670717 0.594893 0.442991
4.35311 19.0889 -52.9206 0.814554 0.070474 0.322363 0.871785 0.368881
3.95972 19.3734 -54.6665 0.802498 0.067752 0 0.999957 -0.009286
3.95972 19.1539 -52.9212 0.814555 0.067752 0 0.939454 0.342676
4.54428 19.2769 -54.6656 0.802497 0.071796 0.350202 0.936634 -0.008698
3.95972 19.3734 -54.6665 0.802498 0.067752 0 0.999957 -0.009286
4.35311 19.0889 -52.9206 0.814554 0.070474 0.322363 0.871785 0.368881
3.95972 19.3734 -54.6665 0.802498 0.067752 0 0.999957 -0.009286
3.56634 19.0889 -52.9206 0.814554 0.065031 -0.322363 0.871785 0.368881
3.95972 19.1539 -52.9212 0.814555 0.067752 0 0.939454 0.342676
3.37516 19.2769 -54.6656 0.802497 0.063708 -0.350202 0.936634 -0.008698
3.56634 19.0889 -52.9206 0.814554 0.065031 -0.322363 0.871785 0.368881
3.95972 19.3734 -54.6665 0.802498 0.067752 0 0.999957 -0.009286
3.37516 19.2769 -54.6656 0.802497 0.063708 -0.350202 0.936634 -0.008698
3.27836 18.9114 -52.919 0.814552 0.063039 -0.670716 0.594893 0.442992
3.56634 19.0889 -52.9206 0.814554 0.065031 -0.322363 0.871785 0.368881
2.94724 19.013 -54.6631 0.802494 0.060748 -0.754884 0.65583 -0.00609
3.27836 18.9114 -52.919 0.814552 0.063039 -0.670716 0.594893 0.442992
3.37516 19.2769 -54.6656 0.802497 0.063708 -0.350202 0.936634 -0.008698
2.94724 19.013 -54.6631 0.802494 0.060748 -0.754884 0.65583 -0.00609
3.17296 18.6688 -52.9167 0.81455 0.06231 -0.810018 0.35636 0.465702
3.27836 18.9114 -52.919 0.814552 0.063039 -0.670716 0.594893 0.442992
2.7906 18.6526 -54.6598 0.802491 0.059664 -0.917137 0.398555 -0.003701
3.17296 18.6688 -52.9167 0.81455 0.06231 -0.810018 0.35636 0.465702
2.94724 19.013 -54.6631 0.802494 0.060748 -0.754884 0.65583 -0.00609
4.74649 18.6688 -52.9167 0.81455 0.073195 0.810019 0.35636 0.465701
4.97221 19.013 -54.6631 0.802494 0.074757 0.754884 0.65583 -0.00609
4.64108 18.9114 -52.919 0.814552 0.072466 0.670717 0.594893 0.442991
5.12885 18.6526 -54.6598 0.802491 0.07584 0.917137 0.398555 -0.003701
4.97221 19.013 -54.6631 0.802494 0.074757 0.754884 0.65583 -0.00609
4.74649 18.6688 -52.9167 0.81455 0.073195 0.810019 0.35636 0.465701
4.64108 18.879 -56.4051 0.790434 0.072466 0.670716 0.586563 -0.453965
4.54428 19.2769 -54.6656 0.802497 0.071796 0.350202 0.936634 -0.008698
4.97221 19.013 -54.6631 0.802494 0.074757 0.754884 0.65583 -0.00609
4.35311 19.0565 -56.4067 0.790436 0.070474 0.322363 0.864784 -0.385008
4.54428 19.2769 -54.6656 0.802497 0.071796 0.350202 0.936634 -0.008698
4.64108 18.879 -56.4051 0.790434 0.072466 0.670716 0.586563 -0.453965
4.35311 19.0565 -56.4067 0.790436 0.070474 0.322363 0.864784 -0.385008
3.95972 19.3734 -54.6665 0.802498 0.067752 0 0.999957 -0.009286
4.54428 19.2769 -54.6656 0.802497 0.071796 0.350202 0.936634 -0.008698
3.95972 19.1215 -56.4073 0.790437 0.067752 0 0.932927 -0.360065
3.95972 19.3734 -54.6665 0.802498 0.067752 0 0.999957 -0.009286
4.35311 19.0565 -56.4067 0.790436 0.070474 0.322363 0.864784 -0.385008
3.95972 19.3734 -54.6665 0.802498 0.067752 0 0.999957 -0.009286
3.56634 19.0565 -56.4067 0.790436 0.065031 -0.322363 0.864784 -0.385008
3.37516 19.2769 -54.6656 0.802497 0.063708 -0.350202 0.936634 -0.008698
3.95972 19.1215 -56.4073 0.790437 0.067752 0 0.932927 -0.360065
3.56634 19.0565 -56.4067 0.790436 0.065031 -0.322363 0.864784 -0.385008
3.95972 19.3734 -54.6665 0.802498 0.067752 0 0.999957 -0.009286
3.37516 19.2769 -54.6656 0.802497 0.063708 -0.350202 0.936634 -0.008698
3.27836 18.879 -56.4051 0.790434 0.063039 -0.670716 0.586564 -0.453963
2.94724 19.013 -54.6631 0.802494 0.060748 -0.754884 0.65583 -0.00609
3.56634 19.0565 -56.4067 0.790436 0.065031 -0.322363 0.864784 -0.385008
3.27836 18.879 -56.4051 0.790434 0.063039 -0.670716 0.586564 -0.453963
3.37516 19.2769 -54.6656 0.802497 0.063708 -0.350202 0.936634 -0.008698
2.94724 19.013 -54.6631 0.802494 0.060748 -0.754884 0.65583 -0.00609
3.17296 18.6364 -56.4028 0.790432 0.062309 -0.810018 0.34765 -0.47224
2.7906 18.6526 -54.6598 0.802491 0.059664 -0.917137 0.398555 -0.003701
3.27836 18.879 -56.4051 0.790434 0.063039 -0.670716 0.586564 -0.453963
3.17296 18.6364 -56.4028 0.790432 0.062309 -0.810018 0.34765 -0.47224
2.94724 19.013 -54.6631 0.802494 0.060748 -0.754884 0.65583 -0.00609
4.74649 18.6364 -56.4028 0.790432 0.073195 0.810018 0.34765 -0.47224
4.97221 19.013 -54.6631 0.802494 0.074757 0.754884 0.65583 -0.00609
5.12885 18.6526 -54.6598 0.802491 0.07584 0.917137 0.398555 -0.003701
4.64108 18.879 -56.4051 0.790434 0.072466 0.670716 0.586563 -0.453965
4.97221 19.013 -54.6631 0.802494 0.074757 0.754884 0.65583 -0.00609
4.74649 18.6364 -56.4028 0.790432 0.073195 0.810018 0.34765 -0.47224
3.95972 18.6326 -57.1343 0.785371 0.067752 0 0.686744 -0.7269
4.35311 19.0565 -56.4067 0.790436 0.070474 0.322363 0.864784 -0.385008
4.64108 18.879 -56.4051 0.790434 0.072466 0.670716 0.586563 -0.453965
3.95972 18.6326 -57.1343 0.785371 0.067752 0 0.686744 -0.7269
3.95972 19.1215 -56.4073 0.790437 0.067752 0 0.932927 -0.360065
4.35311 19.0565 -56.4067 0.790436 0.070474 0.322363 0.864784 -0.385008
3.95972 18.6326 -57.1343 0.785371 0.067752 0 0.686744 -0.7269
3.56634 19.0565 -56.4067 0.790436 0.065031 -0.322363 0.864784 -0.385008
3.95972 19.1215 -56.4073 0.790437 0.067752 0 0.932927 -0.360065
3.95972 18.6326 -57.1343 0.785371 0.067752 0 0.686744 -0.7269
3.27836 18.879 -56.4051 0.790434 0.063039 -0.670716 0.586564 -0.453963
3.56634 19.0565 -56.4067 0.790436 0.065031 -0.322363 0.864784 -0.385008
3.95972 18.6326 -57.1343 0.785371 0.067752 0 0.686744 -0.7269
3.17296 18.6364 -56.4028 0.790432 0.062309 -0.810018 0.34765 -0.47224
3.27836 18.879 -56.4051 0.790434 0.063039 -0.670716 0.586564 -0.453963
3.95972 18.6326 -57.1343 0.785371 0.067752 0 0.686744 -0.7269
4.64108 18.879 -56.4051 0.790434 0.072466 0.670716 0.586563 -0.453965
4.74649 18.6364 -56.4028 0.790432 0.073195 0.810018 0.34765 -0.47224
0.681611 18.9114 -52.919 0.814552 0.045074 0.670717 0.594893 0.442991
0.393635 19.0889 -52.9206 0.814554 0.043082 0.322363 0.871785 0.368881
0.000251 18.6785 -52.1853 0.81961 0.040361 0 0.700126 0.71402
0.393635 19.0889 -52.9206 0.814554 0.043082 0.322363 0.871785 0.368881
0.000251 19.1539 -52.9212 0.814552 0.040357 0 0.939454 0.342676
0.000251 18.6785 -52.1853 0.81961 0.040361 0 0.700126 0.71402
0.000251 19.1539 -52.9212 0.814552 0.040357 0 0.939454 0.342676
-0.393132 19.0889 -52.9206 0.814554 0.043075 -0.322363 0.871785 0.368881
0.000251 18.6785 -52.1853 0.81961 0.040361 0 0.700126 0.71402
-0.393132 19.0889 -52.9206 0.814554 0.043075 -0.322363 0.871785 0.368881
-0.681108 18.9114 -52.919 0.814552 0.045067 -0.670716 0.594893 0.442992
0.000251 18.6785 -52.1853 0.81961 0.040361 0 0.700126 0.71402
-0.681108 18.9114 -52.919 0.814552 0.045067 -0.670716 0.594893 0.442992
-0.786515 18.6688 -52.9167 0.81455 0.045797 -0.810018 0.35636 0.465702
0.000251 18.6785 -52.1853 0.81961 0.040361 0 0.700126 0.71402
0.787018 18.6688 -52.9167 0.81455 0.045804 0.810019 0.35636 0.465701
0.681611 18.9114 -52.919 0.814552 0.045074 0.670717 0.594893 0.442991
0.000251 18.6785 -52.1853 0.81961 0.040361 0 0.700126 0.71402
0.681611 18.9114 -52.919 0.814552 0.045074 0.670717 0.594893 0.442991
0.584812 19.2769 -54.6656 0.802497 0.044405 0.350202 0.936634 -0.008698
0.393635 19.0889 -52.9206 0.814554 0.043082 0.322363 0.871785 0.368881
1.01274 19.013 -54.6631 0.802494 0.047365 0.754884 0.65583 -0.00609
0.584812 19.2769 -54.6656 0.802497 0.044405 0.350202 0.936634 -0.008698
0.681611 18.9114 -52.919 0.814552 0.045074 0.670717 0.594893 0.442991
0.393635 19.0889 -52.9206 0.814554 0.043082 0.322363 0.871785 0.368881
0.000251 19.3734 -54.6665 0.802496 0.040357 0 0.999957 -0.009286
0.000251 19.1539 -52.9212 0.814552 0.040357 0 0.939454 0.342676
0.584812 19.2769 -54.6656 0.802497 0.044405 0.350202 0.936634 -0.008698
0.000251 19.3734 -54.6665 0.802496 0.040357 0 0.999957 -0.009286
0.393635 19.0889 -52.9206 0.814554 0.043082 0.322363 0.871785 0.368881
0.000251 19.3734 -54.6665 0.802496 0.040357 0 0.999957 -0.009286
-0.393132 19.0889 -52.9206 0.814554 0.043075 -0.322363 0.871785 0.368881
0.000251 19.1539 -52.9212 0.814552 0.040357 0 0.939454 0.342676
-0.584309 19.2769 -54.6656 0.802497 0.044398 -0.350202 0.936634 -0.008698
-0.393132 19.0889 -52.9206 0.814554 0.043075 -0.322363 0.871785 0.368881
0.000251 19.3734 -54.6665 0.802496 0.040357 0 0.999957 -0.009286
-0.584309 19.2769 -54.6656 0.802497 0.044398 -0.350202 0.936634 -0.008698
-0.681108 18.9114 -52.919 0.814552 0.045067 -0.670716 0.594893 0.442992
-0.393132 19.0889 -52.9206 0.814554 0.043075 -0.322363 0.871785 0.368881
-1.01224 19.013 -54.6631 0.802494 0.047358 -0.754884 0.65583 -0.00609
-0.681108 18.9114 -52.919 0.814552 0.045067 -0.670716 0.594893 0.442992
-0.584309 19.2769 -54.6656 0.802497 0.044398 -0.350202 0.936634 -0.008698
-1.01224 19.013 -54.6631 0.802494 0.047358 -0.754884 0.65583 -0.00609
-0.786515 18.6688 -52.9167 0.81455 0.045797 -0.810018 0.35636 0.465702
-0.681108 18.9114 -52.919 0.814552 0.045067 -0.670716 0.594893 0.442992
-1.16887 18.6526 -54.6598 0.802491 0.048442 -0.917137 0.398555 -0.003701
-0.786515 18.6688 -52.9167 0.81455 0.045797 -0.810018 0.35636 0.465702
-1.01224 19.013 -54.6631 0.802494 0.047358 -0.754884 0.65583 -0.00609
0.787018 18.6688 -52.9167 0.81455 0.045804 0.810019 0.35636 0.465701
1.01274 19.013 -54.6631 0.802494 0.047365 0.754884 0.65583 -0.00609
0.681611 18.9114 -52.919 0.814552 0.045074 0.670717 0.594893 0.442991
1.16937 18.6526 -54.6598 0.802491 0.048449 0.917137 0.398555 -0.003701
1.01274 19.013 -54.6631 0.802494 0.047365 0.754884 0.65583 -0.00609
0.787018 18.6688 -52.9167 0.81455 0.045804 0.810019 0.35636 0.465701
0.681611 18.879 -56.4051 0.790434 0.045074 0.670716 0.586563 -0.453965
0.584812 19.2769 -54.6656 0.802497 0.044405 0.350202 0.936634 -0.008698
1.01274 19.013 -54.6631 0.802494 0.047365 0.754884 0.65583 -0.00609
0.393635 19.0565 -56.4067 0.790436 0.043082 0.322363 0.864784 -0.385008
0.584812 19.2769 -54.6656 0.802497 0.044405 0.350202 0.936634 -0.008698
0.681611 18.879 -56.4051 0.790434 0.045074 0.670716 0.586563 -0.453965
0.393635 19.0565 -56.4067 0.790436 0.043082 0.322363 0.864784 -0.385008
0.000251 19.3734 -54.6665 0.802496 0.040357 0 0.999957 -0.009286
0.584812 19.2769 -54.6656 0.802497 0.044405 0.350202 0.936634 -0.008698
0.000251 19.1215 -56.4073 0.790437 0.040361 0 0.932927 -0.360065
0.000251 19.3734 -54.6665 0.802496 0.040357 0 0.999957 -0.009286
0.393635 19.0565 -56.4067 0.790436 0.043082 0.322363 0.864784 -0.385008
0.000251 19.3734 -54.6665 0.802496 0.040357 0 0.999957 -0.009286
-0.393132 19.0565 -56.4067 0.790436 0.043075 -0.322363 0.864784 -0.385008
-0.584309 19.2769 -54.6656 0.802497 0.044398 -0.350202 0.936634 -0.008698
0.000251 19.1215 -56.4073 0.790437 0.040361 0 0.932927 -0.360065
-0.393132 19.0565 -56.4067 0.790436 0.043075 -0.322363 0.864784 -0.385008
0.000251 19.3734 -54.6665 0.802496 0.040357 0 0.999957 -0.009286
-0.584309 19.2769 -54.6656 0.802497 0.044398 -0.350202 0.936634 -0.008698
-0.681108 18.879 -56.4051 0.790434 0.045067 -0.670716 0.586564 -0.453963
-1.01224 19.013 -54.6631 0.802494 0.047358 -0.754884 0.65583 -0.00609
-0.393132 19.0565 -56.4067 0.790436 0.043075 -0.322363 0.864784 -0.385008
-0.681108 18.879 -56.4051 0.790434 0.045067 -0.670716 0.586564 -0.453963
-0.584309 19.2769 -54.6656 0.802497 0.044398 -0.350202 0.936634 -0.008698
-1.01224 19.013 -54.6631 0.802494 0.047358 -0.754884 0.65583 -0.00609
-0.786515 18.6364 -56.4028 0.790432 0.045797 -0.810018 0.34765 -0.47224
-1.16887 18.6526 -54.6598 0.802491 0.048442 -0.917137 0.398555 -0.003701
-0.681108 18.879 -56.4051 0.790434 0.045067 -0.670716 0.586564 -0.453963
-0.786515 18.6364 -56.4028 0.790432 0.045797 -0.810018 0.34765 -0.47224
-1.01224 19.013 -54.6631 0.802494 0.047358 -0.754884 0.65583 -0.00609
0.787018 18.6364 -56.4028 0.790432 0.045804 0.810018 0.34765 -0.47224
1.01274 19.013 -54.6631 0.802494 0.047365 0.754884 0.65583 -0.00609
1.16937 18.6526 -54.6598 0.802491 0.048449 0.917137 0.398555 -0.003701
0.681611 18.879 -56.4051 0.790434 0.045074 0.670716 0.586563 -0.453965
1.01274 19.013 -54.6631 0.802494 0.047365 0.754884 0.65583 -0.00609
0.787018 18.6364 -56.4028 0.790432 0.045804 0.810018 0.34765 -0.47224
0.000251 18.6326 -57.1343 0.785371 0.040361 0 0.686744 -0.7269
0.393635 19.0565 -56.4067 0.790436 0.043082 0.322363 0.864784 -0.385008
0.681611 18.879 -56.4051 0.790434 0.045074 0.670716 0.586563 -0.453965
0.000251 18.6326 -57.1343 0.785371 0.040361 0 0.686744 -0.7269
0.000251 19.1215 -56.4073 0.790437 0.040361 0 0.932927 -0.360065
0.393635 19.0565 -56.4067 0.790436 0.043082 0.322363 0.864784 -0.385008
0.000251 18.6326 -57.1343 0.785371 0.040361 0 0.686744 -0.7269
-0.393132 19.0565 -56.4067 0.790436 0.043075 -0.322363 0.864784 -0.385008
0.000251 19.1215 -56.4073 0.790437 0.040361 0 0.932927 -0.360065
0.000251 18.6326 -57.1343 0.785371 0.040361 0 0.686744 -0.7269
-0.681108 18.879 -56.4051 0.790434 0.045067 -0.670716 0.586564 -0.453963
-0.393132 19.0565 -56.4067 0.790436 0.043075 -0.322363 0.864784 -0.385008
0.000251 18.6326 -57.1343 0.785371 0.040361 0 0.686744 -0.7269
-0.786515 18.6364 -56.4028 0.790432 0.045797 -0.810018 0.34765 -0.47224
-0.681108 18.879 -56.4051 0.790434 0.045067 -0.670716 0.586564 -0.453963
0.000251 18.6326 -57.1343 0.785371 0.040361 0 0.686744 -0.7269
0.681611 18.879 -56.4051 0.790434 0.045074 0.670716 0.586563 -0.453965
0.787018 18.6364 -56.4028 0.790432 0.045804 0.810018 0.34765 -0.47224
-3.29654 18.9114 -52.919 0.814552 0.063161 0.670717 0.594893 0.442991
-3.58451 19.0889 -52.9206 0.814554 0.065153 0.322363 0.871785 0.368881
-3.9779 18.6785 -52.1853 0.81961 0.067875 0 0.700126 0.71402
-3.58451 19.0889 -52.9206 0.814554 0.065153 0.322363 0.871785 0.368881
-3.9779 19.1539 -52.9212 0.814555 0.067875 0 0.939454 0.342676
-3.9779 18.6785 -52.1853 0.81961 0.067875 0 0.700126 0.71402
-3.9779 19.1539 -52.9212 0.814555 0.067875 0 0.939454 0.342676
-4.37128 19.0889 -52.9206 0.814554 0.070596 -0.322363 0.871785 0.368881
-3.9779 18.6785 -52.1853 0.81961 0.067875 0 0.700126 0.71402
-4.37128 19.0889 -52.9206 0.814554 0.070596 -0.322363 0.871785 0.368881
-4.65926 18.9114 -52.919 0.814552 0.072588 -0.670716 0.594893 0.442992
-3.9779 18.6785 -52.1853 0.81961 0.067875 0 0.700126 0.71402
-4.65926 18.9114 -52.919 0.814552 0.072588 -0.670716 0.594893 0.442992
-4.76466 18.6688 -52.9167 0.81455 0.073318 -0.810018 0.35636 0.465702
-3.9779 18.6785 -52.1853 0.81961 0.067875 0 0.700126 0.71402
-3.19113 18.6688 -52.9167 0.81455 0.062432 0.810019 0.35636 0.465701
-3.29654 18.9114 -52.919 0.814552 0.063161 0.670717 0.594893 0.442991
-3.9779 18.6785 -52.1853 0.81961 0.067875 0 0.700126 0.71402
-3.29654 18.9114 -52.919 0.814552 0.063161 0.670717 0.594893 0.442991
-3.39334 19.2769 -54.6656 0.802497 0.063831 0.350202 0.936634 -0.008698
-3.58451 19.0889 -52.9206 0.814554 0.065153 0.322363 0.871785 0.368881
-2.96541 19.013 -54.6631 0.802494 0.06087 0.754884 0.65583 -0.00609
-3.39334 19.2769 -54.6656 0.802497 0.063831 0.350202 0.936634 -0.008698
-3.29654 18.9114 -52.919 0.814552 0.063161 0.670717 0.594893 0.442991
-3.58451 19.0889 -52.9206 0.814554 0.065153 0.322363 0.871785 0.368881
-3.9779 19.3734 -54.6665 0.802498 0.067875 0 0.999957 -0.009286
-3.9779 19.1539 -52.9212 0.814555 0.067875 0 0.939454 0.342676
-3.39334 19.2769 -54.6656 0.802497 0.063831 0.350202 0.936634 -0.008698
-3.9779 19.3734 -54.6665 0.802498 0.067875 0 0.999957 -0.009286
-3.58451 19.0889 -52.9206 0.814554 0.065153 0.322363 0.871785 0.368881
-3.9779 19.3734 -54.6665 0.802498 0.067875 0 0.999957 -0.009286
-4.37128 19.0889 -52.9206 0.814554 0.070596 -0.322363 0.871785 0.368881
-3.9779 19.1539 -52.9212 0.814555 0.067875 0 0.939454 0.342676
-4.56246 19.2769 -54.6656 0.802497 0.071919 -0.350202 0.936634 -0.008698
-4.37128 19.0889 -52.9206 0.814554 0.070596 -0.322363 0.871785 0.368881
-3.9779 19.3734 -54.6665 0.802498 0.067875 0 0.999957 -0.009286
-4.56246 19.2769 -54.6656 0.802497 0.071919 -0.350202 0.936634 -0.008698
-4.65926 18.9114 -52.919 0.814552 0.072588 -0.670716 0.594893 0.442992
-4.37128 19.0889 -52.9206 0.814554 0.070596 -0.322363 0.871785 0.368881
-4.99039 19.013 -54.6631 0.802494 0.074879 -0.754884 0.65583 -0.00609
-4.65926 18.9114 -52.919 0.814552 0.072588 -0.670716 0.594893 0.442992
-4.56246 19.2769 -54.6656 0.802497 0.071919 -0.350202 0.936634 -0.008698
-4.99039 19.013 -54.6631 0.802494 0.074879 -0.754884 0.65583 -0.00609
-4.76466 18.6688 -52.9167 0.81455 0.073318 -0.810018 0.35636 0.465702
-4.65926 18.9114 -52.919 0.814552 0.072588 -0.670716 0.594893 0.442992
-5.14702 18.6526 -54.6598 0.802491 0.075963 -0.917137 0.398555 -0.003701
-4.76466 18.6688 -52.9167 0.81455 0.073318 -0.810018 0.35636 0.465702
-4.99039 19.013 -54.6631 0.802494 0.074879 -0.754884 0.65583 -0.00609
-3.19113 18.6688 -52.9167 0.81455 0.062432 0.810019 0.35636 0.465701
-2.96541 19.013 -54.6631 0.802494 0.06087 0.754884 0.65583 -0.00609
-3.29654 18.9114 -52.919 0.814552 0.063161 0.670717 0.594893 0.442991
-2.80878 18.6526 -54.6598 0.802491 0.059787 0.917137 0.398555 -0.003701
-2.96541 19.013 -54.6631 0.802494 0.06087 0.754884 0.65583 -0.00609
-3.19113 18.6688 -52.9167 0.81455 0.062432 0.810019 0.35636 0.465701
-3.29654 18.879 -56.4051 0.790434 0.063161 0.670716 0.586563 -0.453965
-3.39334 19.2769 -54.6656 0.802497 0.063831 0.350202 0.936634 -0.008698
-2.96541 19.013 -54.6631 0.802494 0.06087 0.754884 0.65583 -0.00609
-3.58451 19.0565 -56.4067 0.790436 0.065153 0.322363 0.864784 -0.385008
-3.39334 19.2769 -54.6656 0.802497 0.063831 0.350202 0.936634 -0.008698
-3.29654 18.879 -56.4051 0.790434 0.063161 0.670716 0.586563 -0.453965
-3.58451 19.0565 -56.4067 0.790436 0.065153 0.322363 0.864784 -0.385008
-3.9779 19.3734 -54.6665 0.802498 0.067875 0 0.999957 -0.009286
-3.39334 19.2769 -54.6656 0.802497 0.063831 0.350202 0.936634 -0.008698
-3.9779 19.1215 -56.4073 0.790437 0.067875 0 0.932927 -0.360065
-3.9779 19.3734 -54.6665 0.802498 0.067875 0 0.999957 -0.009286
-3.58451 19.0565 -56.4067 0.790436 0.065153 0.322363 0.864784 -0.385008
-3.9779 19.3734 -54.6665 0.802498 0.067875 0 0.999957 -0.009286
-4.37128 19.0565 -56.4067 0.790436 0.070596 -0.322363 0.864784 -0.385008
-4.56246 19.2769 -54.6656 0.802497 0.071919 -0.350202 0.936634 -0.008698
-3.9779 19.1215 -56.4073 0.790437 0.067875 0 0.932927 -0.360065
-4.37128 19.0565 -56.4067 0.790436 0.070596 -0.322363 0.864784 -0.385008
-3.9779 19.3734 -54.6665 0.802498 0.067875 0 0.999957 -0.009286
-4.56246 19.2769 -54.6656 0.802497 0.071919 -0.350202 0.936634 -0.008698
-4.65926 18.879 -56.4051 0.790434 0.072588 -0.670716 0.586564 -0.453963
-4.99039 19.013 -54.6631 0.802494 0.074879 -0.754884 0.65583 -0.00609
-4.37128 19.0565 -56.4067 0.790436 0.070596 -0.322363 0.864784 -0.385008
-4.65926 18.879 -56.4051 0.790434 0.072588 -0.670716 0.586564 -0.453963
-4.56246 19.2769 -54.6656 0.802497 0.071919 -0.350202 0.936634 -0.008698
-4.99039 19.013 -54.6631 0.802494 0.074879 -0.754884 0.65583 -0.00609
-4.76466 18.6364 -56.4028 0.790432 0.073317 -0.810018 0.34765 -0.47224
-5.14702 18.6526 -54.6598 0.802491 0.075963 -0.917137 0.398555 -0.003701
-4.65926 18.879 -56.4051 0.790434 0.072588 -0.670716 0.586564 -0.453963
-4.76466 18.6364 -56.4028 0.790432 0.073317 -0.810018 0.34765 -0.47224
-4.99039 19.013 -54.6631 0.802494 0.074879 -0.754884 0.65583 -0.00609
-3.19113 18.6364 -56.4028 0.790432 0.062432 0.810018 0.34765 -0.47224
-2.96541 19.013 -54.6631 0.802494 0.06087 0.754884 0.65583 -0.00609
-2.80878 18.6526 -54.6598 0.802491 0.059787 0.917137 0.398555 -0.003701
-3.29654 18.879 -56.4051 0.790434 0.063161 0.670716 0.586563 -0.453965
-2.96541 19.013 -54.6631 0.802494 0.06087 0.754884 0.65583 -0.00609
-3.19113 18.6364 -56.4028 0.790432 0.062432 0.810018 0.34765 -0.47224
-3.9779 18.6326 -57.1343 0.785371 0.067875 0 0.686744 -0.7269
-3.58451 19.0565 -56.4067 0.790436 0.065153 0.322363 0.864784 -0.385008
-3.29654 18.879 -56.4051 0.790434 0.063161 0.670716 0.586563 -0.453965
-3.9779 18.6326 -57.1343 0.785371 0.067875 0 0.686744 -0.7269
-3.9779 19.1215 -56.4073 0.790437 0.067875 0 0.932927 -0.360065
-3.58451 19.0565 -56.4067 0.790436 0.065153 0.322363 0.864784 -0.385008
-3.9779 18.6326 -57.1343 0.785371 0.067875 0 0.686744 -0.7269
-4.37128 19.0565 -56.4067 0.790436 0.070596 -0.322363 0.864784 -0.385008
-3.9779 19.1215 -56.4073 0.790437 0.067875 0 0.932927 -0.360065
-3.9779 18.6326 -57.1343 0.785371 0.067875 0 0.686744 -0.7269
-4.65926 18.879 -56.4051 0.790434 0.072588 -0.670716 0.586564 -0.453963
-4.37128 19.0565 -56.4067 0.790436 0.070596 -0.322363 0.864784 -0.385008
-3.9779 18.6326 -57.1343 0.785371 0.067875 0 0.686744 -0.7269
-4.76466 18.6364 -56.4028 0.790432 0.073317 -0.810018 0.34765 -0.47224
-4.65926 18.879 -56.4051 0.790434 0.072588 -0.670716 0.586564 -0.453963
-3.9779 18.6326 -57.1343 0.785371 0.067875 0 0.686744 -0.7269
-3.29654 18.879 -56.4051 0.790434 0.063161 0.670716 0.586563 -0.453965
-3.19113 18.6364 -56.4028 0.790432 0.062432 0.810018 0.34765 -0.47224
