Vertex Count: 360

Data:

-5.76004 23.8493 15.3968 0.393309 0.061812 1e-06 -0.009286 -0.999957
-3.43824 25.9463 15.3774 0.403404 0.050635 1e-06 -0.009286 -0.999957
-2.76755 23.8493 15.3968 0.393309 0.047406 1e-06 -0.009286 -0.999957
-5.08935 25.9463 15.3774 0.403404 0.058584 1e-06 -0.009286 -0.999957
-3.43824 25.9463 15.3774 0.403404 0.050635 1e-06 -0.009286 -0.999957
-5.76004 23.8493 15.3968 0.393309 0.061812 1e-06 -0.009286 -0.999957
-5.08935 25.9463 15.3774 0.364339 0.090467 0 0.999957 -0.009286
-3.43824 26.0012 21.2902 0.356391 0.062001 0 0.999957 -0.009286
-3.43824 25.9463 15.3774 0.356391 0.090467 0 0.999957 -0.009286
-5.08935 26.0012 21.2902 0.364339 0.062001 0 0.999957 -0.009286
-3.43824 26.0012 21.2902 0.356391 0.062001 0 0.999957 -0.009286
-5.08935 25.9463 15.3774 0.364339 0.090467 0 0.999957 -0.009286
-5.08935 26.0012 21.2902 0.382923 0.058584 -2e-06 0.009285 0.999957
-2.76755 23.9042 21.3097 0.393019 0.047406 -2e-06 0.009285 0.999957
-3.43824 26.0012 21.2902 0.382923 0.050635 -2e-06 0.009285 0.999957
-5.76004 23.9042 21.3097 0.393019 0.061812 -2e-06 0.009285 0.999957
-2.76755 23.9042 21.3097 0.393019 0.047406 -2e-06 0.009285 0.999957
-5.08935 26.0012 21.2902 0.382923 0.058584 -2e-06 0.009285 0.999957
-5.76004 23.9042 21.3097 0.379085 0.090467 0 -0.999957 0.009286
-2.76755 23.8493 15.3968 0.36468 0.062001 0 -0.999957 0.009286
-2.76755 23.9042 21.3097 0.36468 0.090467 0 -0.999957 0.009286
-5.76004 23.8493 15.3968 0.379085 0.062001 0 -0.999957 0.009286
-2.76755 23.8493 15.3968 0.36468 0.062001 0 -0.999957 0.009286
-5.76004 23.9042 21.3097 0.379085 0.090467 0 -0.999957 0.009286
-5.76004 23.9042 21.3097 0.379398 0.090467 -0.952475 0.304602 -0.002829
-5.08935 25.9463 15.3774 0.389494 0.062001 -0.952475 0.304602 -0.002829
-5.76004 23.8493 15.3968 0.379398 0.062001 -0.952475 0.304602 -0.002829
-5.08935 26.0012 21.2902 0.389494 0.090467 -0.952475 0.304602 -0.002829
-5.08935 25.9463 15.3774 0.389494 0.062001 -0.952475 0.304602 -0.002829
-5.76004 23.9042 21.3097 0.379398 0.090467 -0.952475 0.304602 -0.002829
-2.76755 23.8493 15.3968 0.389794 0.090467 0.952475 0.304602 -0.002829
-3.43824 26.0012 21.2902 0.399889 0.062001 0.952475 0.304602 -0.002829
-2.76755 23.9042 21.3097 0.389794 0.062001 0.952475 0.304602 -0.002829
-3.43824 25.9463 15.3774 0.399889 0.090467 0.952475 0.304602 -0.002829
-3.43824 26.0012 21.2902 0.399889 0.062001 0.952475 0.304602 -0.002829
-2.76755 23.8493 15.3968 0.389794 0.090467 0.952475 0.304602 -0.002829
-6.96509 27.1245 19.7966 0.368622 0.036653 5e-06 -0.009286 -0.999957
-4.51058 25.939 19.8076 0.348107 0.046562 5e-06 -0.009286 -0.999957
-5.52246 24.6014 19.82 0.356564 0.057742 5e-06 -0.009286 -0.999957
-5.85011 27.4031 19.794 0.359303 0.034325 5e-06 -0.009286 -0.999957
-4.51058 25.939 19.8076 0.348107 0.046562 5e-06 -0.009286 -0.999957
-6.96509 27.1245 19.7966 0.368622 0.036653 5e-06 -0.009286 -0.999957
-5.85011 27.4031 19.794 0.376864 0.034325 0.737815 0.674974 -0.006268
-4.51058 25.9477 20.754 0.368953 0.046562 0.737815 0.674974 -0.006268
-4.51058 25.939 19.8076 0.376864 0.046562 0.737815 0.674974 -0.006268
-5.85011 27.4119 20.7404 0.368953 0.034325 0.737815 0.674974 -0.006268
-4.51058 25.9477 20.754 0.368953 0.046562 0.737815 0.674974 -0.006268
-5.85011 27.4031 19.794 0.376864 0.034325 0.737815 0.674974 -0.006268
-4.51058 25.9477 20.754 0.371964 0.021909 0 0.009287 0.999957
-6.96509 27.1333 20.743 0.392479 0.031819 0 0.009287 0.999957
-5.52246 24.6102 20.7664 0.380421 0.010729 0 0.009287 0.999957
-5.85011 27.4119 20.7404 0.38316 0.034147 0 0.009287 0.999957
-6.96509 27.1333 20.743 0.392479 0.031819 0 0.009287 0.999957
-4.51058 25.9477 20.754 0.371964 0.021909 0 0.009287 0.999957
-6.96509 27.1333 20.743 0.37169 0.013057 -0.868126 -0.496322 0.004609
-5.52246 24.6014 19.82 0.36378 0.034147 -0.868126 -0.496322 0.004609
-5.52246 24.6102 20.7664 0.37169 0.034147 -0.868126 -0.496322 0.004609
-6.96509 27.1245 19.7966 0.36378 0.013057 -0.868126 -0.496322 0.004609
-5.52246 24.6014 19.82 0.36378 0.034147 -0.868126 -0.496322 0.004609
-6.96509 27.1333 20.743 0.37169 0.013057 -0.868126 -0.496322 0.004609
-6.96509 27.1333 20.743 0.363506 0.034147 -0.242383 0.970139 -0.009009
-5.85011 27.4031 19.794 0.355596 0.024828 -0.242383 0.970139 -0.009009
-6.96509 27.1245 19.7966 0.355596 0.034147 -0.242383 0.970139 -0.009009
-5.85011 27.4119 20.7404 0.363506 0.024828 -0.242383 0.970139 -0.009009
-5.85011 27.4031 19.794 0.355596 0.024828 -0.242383 0.970139 -0.009009
-6.96509 27.1333 20.743 0.363506 0.034147 -0.242383 0.970139 -0.009009
-5.52246 24.6014 19.82 0.376864 0.057742 0.797507 -0.603284 0.005602
-4.51058 25.9477 20.754 0.368953 0.046562 0.797507 -0.603284 0.005602
-5.52246 24.6102 20.7664 0.368953 0.057742 0.797507 -0.603284 0.005602
-4.51058 25.939 19.8076 0.376864 0.046562 0.797507 -0.603284 0.005602
-4.51058 25.9477 20.754 0.368953 0.046562 0.797507 -0.603284 0.005602
-5.52246 24.6014 19.82 0.376864 0.057742 0.797507 -0.603284 0.005602
-6.96509 27.1118 18.4283 0.368622 0.036653 5e-06 -0.009286 -0.999957
-4.51058 25.9262 18.4394 0.348107 0.046562 5e-06 -0.009286 -0.999957
-5.52246 24.5887 18.4518 0.356564 0.057742 5e-06 -0.009286 -0.999957
-5.85011 27.3904 18.4258 0.359303 0.034325 5e-06 -0.009286 -0.999957
-4.51058 25.9262 18.4394 0.348107 0.046562 5e-06 -0.009286 -0.999957
-6.96509 27.1118 18.4283 0.368622 0.036653 5e-06 -0.009286 -0.999957
-5.85011 27.3904 18.4258 0.376864 0.034325 0.737815 0.674974 -0.006268
-4.51058 25.935 19.3858 0.368953 0.046562 0.737815 0.674974 -0.006268
-4.51058 25.9262 18.4394 0.376864 0.046562 0.737815 0.674974 -0.006268
-5.85011 27.3992 19.3722 0.368953 0.034325 0.737815 0.674974 -0.006268
-4.51058 25.935 19.3858 0.368953 0.046562 0.737815 0.674974 -0.006268
-5.85011 27.3904 18.4258 0.376864 0.034325 0.737815 0.674974 -0.006268
-4.51058 25.935 19.3858 0.371964 0.021909 0 0.009287 0.999957
-6.96509 27.1206 19.3747 0.392479 0.031819 0 0.009287 0.999957
-5.52246 24.5975 19.3982 0.380421 0.010729 0 0.009287 0.999957
-5.85011 27.3992 19.3722 0.38316 0.034147 0 0.009287 0.999957
-6.96509 27.1206 19.3747 0.392479 0.031819 0 0.009287 0.999957
-4.51058 25.935 19.3858 0.371964 0.021909 0 0.009287 0.999957
-6.96509 27.1206 19.3747 0.37169 0.013057 -0.868126 -0.496322 0.004609
-5.52246 24.5887 18.4518 0.36378 0.034147 -0.868126 -0.496322 0.004609
-5.52246 24.5975 19.3982 0.37169 0.034147 -0.868126 -0.496322 0.004609
-6.96509 27.1118 18.4283 0.36378 0.013057 -0.868126 -0.496322 0.004609
-5.52246 24.5887 18.4518 0.36378 0.034147 -0.868126 -0.496322 0.004609
-6.96509 27.1206 19.3747 0.37169 0.013057 -0.868126 -0.496322 0.004609
-6.96509 27.1206 19.3747 0.363506 0.034147 -0.242383 0.970139 -0.009009
-5.85011 27.3904 18.4258 0.355596 0.024828 -0.242383 0.970139 -0.009009
-6.96509 27.1118 18.4283 0.355596 0.034147 -0.242383 0.970139 -0.009009
-5.85011 27.3992 19.3722 0.363506 0.024828 -0.242383 0.970139 -0.009009
-5.85011 27.3904 18.4258 0.355596 0.024828 -0.242383 0.970139 -0.009009
-6.96509 27.1206 19.3747 0.363506 0.034147 -0.242383 0.970139 -0.009009
-5.52246 24.5887 18.4518 0.376864 0.057742 0.797507 -0.603284 0.005602
-4.51058 25.935 19.3858 0.368953 0.046562 0.797507 -0.603284 0.005602
-5.52246 24.5975 19.3982 0.368953 0.057742 0.797507 -0.603284 0.005602
-4.51058 25.9262 18.4394 0.376864 0.046562 0.797507 -0.603284 0.005602
-4.51058 25.935 19.3858 0.368953 0.046562 0.797507 -0.603284 0.005602
-5.52246 24.5887 18.4518 0.376864 0.057742 0.797507 -0.603284 0.005602
-6.96509 27.0994 17.0886 0.368622 0.036653 5e-06 -0.009286 -0.999957
-4.51058 25.9138 17.0996 0.348107 0.046562 5e-06 -0.009286 -0.999957
-5.52246 24.5763 17.112 0.356564 0.057742 5e-06 -0.009286 -0.999957
-5.85011 27.3779 17.086 0.359303 0.034325 5e-06 -0.009286 -0.999957
-4.51058 25.9138 17.0996 0.348107 0.046562 5e-06 -0.009286 -0.999957
-6.96509 27.0994 17.0886 0.368622 0.036653 5e-06 -0.009286 -0.999957
-5.85011 27.3779 17.086 0.376864 0.034325 0.737815 0.674974 -0.006268
-4.51058 25.9226 18.046 0.368953 0.046562 0.737815 0.674974 -0.006268
-4.51058 25.9138 17.0996 0.376864 0.046562 0.737815 0.674974 -0.006268
-5.85011 27.3867 18.0324 0.368953 0.034325 0.737815 0.674974 -0.006268
-4.51058 25.9226 18.046 0.368953 0.046562 0.737815 0.674974 -0.006268
-5.85011 27.3779 17.086 0.376864 0.034325 0.737815 0.674974 -0.006268
-4.51058 25.9226 18.046 0.371964 0.021909 0 0.009287 0.999957
-6.96509 27.1082 18.035 0.392479 0.031819 0 0.009287 0.999957
-5.52246 24.5851 18.0584 0.380421 0.010729 0 0.009287 0.999957
-5.85011 27.3867 18.0324 0.38316 0.034147 0 0.009287 0.999957
-6.96509 27.1082 18.035 0.392479 0.031819 0 0.009287 0.999957
-4.51058 25.9226 18.046 0.371964 0.021909 0 0.009287 0.999957
-6.96509 27.1082 18.035 0.37169 0.013057 -0.868126 -0.496322 0.004609
-5.52246 24.5763 17.112 0.36378 0.034147 -0.868126 -0.496322 0.004609
-5.52246 24.5851 18.0584 0.37169 0.034147 -0.868126 -0.496322 0.004609
-6.96509 27.0994 17.0886 0.36378 0.013057 -0.868126 -0.496322 0.004609
-5.52246 24.5763 17.112 0.36378 0.034147 -0.868126 -0.496322 0.004609
-6.96509 27.1082 18.035 0.37169 0.013057 -0.868126 -0.496322 0.004609
-6.96509 27.1082 18.035 0.363506 0.034147 -0.242383 0.970139 -0.009009
-5.85011 27.3779 17.086 0.355596 0.024828 -0.242383 0.970139 -0.009009
-6.96509 27.0994 17.0886 0.355596 0.034147 -0.242383 0.970139 -0.009009
-5.85011 27.3867 18.0324 0.363506 0.024828 -0.242383 0.970139 -0.009009
-5.85011 27.3779 17.086 0.355596 0.024828 -0.242383 0.970139 -0.009009
-6.96509 27.1082 18.035 0.363506 0.034147 -0.242383 0.970139 -0.009009
-5.52246 24.5763 17.112 0.376864 0.057742 0.797507 -0.603284 0.005602
-4.51058 25.9226 18.046 0.368953 0.046562 0.797507 -0.603284 0.005602
-5.52246 24.5851 18.0584 0.368953 0.057742 0.797507 -0.603284 0.005602
-4.51058 25.9138 17.0996 0.376864 0.046562 0.797507 -0.603284 0.005602
-4.51058 25.9226 18.046 0.368953 0.046562 0.797507 -0.603284 0.005602
-5.52246 24.5763 17.112 0.376864 0.057742 0.797507 -0.603284 0.005602
-6.96509 27.0869 15.7489 0.368622 0.036653 5e-06 -0.009286 -0.999957
-4.51058 25.9014 15.7599 0.348107 0.046562 5e-06 -0.009286 -0.999957
-5.52246 24.5638 15.7723 0.356564 0.057742 5e-06 -0.009286 -0.999957
-5.85011 27.3655 15.7463 0.359303 0.034325 5e-06 -0.009286 -0.999957
-4.51058 25.9014 15.7599 0.348107 0.046562 5e-06 -0.009286 -0.999957
-6.96509 27.0869 15.7489 0.368622 0.036653 5e-06 -0.009286 -0.999957
-5.85011 27.3655 15.7463 0.376864 0.034325 0.737815 0.674974 -0.006268
-4.51058 25.9102 16.7063 0.368953 0.046562 0.737815 0.674974 -0.006268
-4.51058 25.9014 15.7599 0.376864 0.046562 0.737815 0.674974 -0.006268
-5.85011 27.3743 16.6927 0.368953 0.034325 0.737815 0.674974 -0.006268
-4.51058 25.9102 16.7063 0.368953 0.046562 0.737815 0.674974 -0.006268
-5.85011 27.3655 15.7463 0.376864 0.034325 0.737815 0.674974 -0.006268
-4.51058 25.9102 16.7063 0.371964 0.021909 0 0.009287 0.999957
-6.96509 27.0957 16.6953 0.392479 0.031819 0 0.009287 0.999957
-5.52246 24.5726 16.7187 0.380421 0.010729 0 0.009287 0.999957
-5.85011 27.3743 16.6927 0.38316 0.034147 0 0.009287 0.999957
-6.96509 27.0957 16.6953 0.392479 0.031819 0 0.009287 0.999957
-4.51058 25.9102 16.7063 0.371964 0.021909 0 0.009287 0.999957
-6.96509 27.0957 16.6953 0.37169 0.013057 -0.868126 -0.496322 0.004609
-5.52246 24.5638 15.7723 0.36378 0.034147 -0.868126 -0.496322 0.004609
-5.52246 24.5726 16.7187 0.37169 0.034147 -0.868126 -0.496322 0.004609
-6.96509 27.0869 15.7489 0.36378 0.013057 -0.868126 -0.496322 0.004609
-5.52246 24.5638 15.7723 0.36378 0.034147 -0.868126 -0.496322 0.004609
-6.96509 27.0957 16.6953 0.37169 0.013057 -0.868126 -0.496322 0.004609
-6.96509 27.0957 16.6953 0.363506 0.034147 -0.242383 0.970139 -0.009009
-5.85011 27.3655 15.7463 0.355596 0.024828 -0.242383 0.970139 -0.009009
-6.96509 27.0869 15.7489 0.355596 0.034147 -0.242383 0.970139 -0.009009
-5.85011 27.3743 16.6927 0.363506 0.024828 -0.242383 0.970139 -0.009009
-5.85011 27.3655 15.7463 0.355596 0.024828 -0.242383 0.970139 -0.009009
-6.96509 27.0957 16.6953 0.363506 0.034147 -0.242383 0.970139 -0.009009
-5.52246 24.5638 15.7723 0.376864 0.057742 0.797507 -0.603284 0.005602
-4.51058 25.9102 16.7063 0.368953 0.046562 0.797507 -0.603284 0.005602
-5.52246 24.5726 16.7187 0.368953 0.057742 0.797507 -0.603284 0.005602
-4.51058 25.9014 15.7599 0.376864 0.046562 0.797507 -0.603284 0.005602
-4.51058 25.9102 16.7063 0.368953 0.046562 0.797507 -0.603284 0.005602
-5.52246 24.5638 15.7723 0.376864 0.057742 0.797507 -0.603284 0.005602
4.07951 25.9014 15.7599 0.348107 0.046562 -2e-06 -0.009286 -0.999957
6.53402 27.0869 15.7489 0.368622 0.036653 -2e-06 -0.009286 -0.999957
5.0914 24.5638 15.7723 0.356564 0.057742 -2e-06 -0.009286 -0.999957
5.41905 27.3655 15.7463 0.359303 0.034325 -2e-06 -0.009286 -0.999957
6.53402 27.0869 15.7489 0.368622 0.036653 -2e-06 -0.009286 -0.999957
4.07951 25.9014 15.7599 0.348107 0.046562 -2e-06 -0.009286 -0.999957
4.07951 25.9102 16.7063 0.368953 0.046562 -0.737815 0.674974 -0.006268
5.41905 27.3655 15.7463 0.376864 0.034325 -0.737815 0.674974 -0.006268
4.07951 25.9014 15.7599 0.376864 0.046562 -0.737815 0.674974 -0.006268
5.41905 27.3743 16.6927 0.368953 0.034325 -0.737815 0.674974 -0.006268
5.41905 27.3655 15.7463 0.376864 0.034325 -0.737815 0.674974 -0.006268
4.07951 25.9102 16.7063 0.368953 0.046562 -0.737815 0.674974 -0.006268
4.07951 25.9102 16.7063 0.371964 0.021909 0 0.009286 0.999957
6.53402 27.0957 16.6953 0.392479 0.031819 0 0.009286 0.999957
5.41905 27.3743 16.6927 0.38316 0.034147 0 0.009286 0.999957
5.0914 24.5726 16.7187 0.380421 0.010729 0 0.009286 0.999957
6.53402 27.0957 16.6953 0.392479 0.031819 0 0.009286 0.999957
4.07951 25.9102 16.7063 0.371964 0.021909 0 0.009286 0.999957
5.0914 24.5638 15.7723 0.36378 0.034147 0.868126 -0.496322 0.004609
6.53402 27.0957 16.6953 0.37169 0.013057 0.868126 -0.496322 0.004609
5.0914 24.5726 16.7187 0.37169 0.034147 0.868126 -0.496322 0.004609
6.53402 27.0869 15.7489 0.36378 0.013057 0.868126 -0.496322 0.004609
6.53402 27.0957 16.6953 0.37169 0.013057 0.868126 -0.496322 0.004609
5.0914 24.5638 15.7723 0.36378 0.034147 0.868126 -0.496322 0.004609
5.41905 27.3655 15.7463 0.355596 0.024828 0.242383 0.970139 -0.009009
6.53402 27.0957 16.6953 0.363506 0.034147 0.242383 0.970139 -0.009009
6.53402 27.0869 15.7489 0.355596 0.034147 0.242383 0.970139 -0.009009
5.41905 27.3743 16.6927 0.363506 0.024828 0.242383 0.970139 -0.009009
6.53402 27.0957 16.6953 0.363506 0.034147 0.242383 0.970139 -0.009009
5.41905 27.3655 15.7463 0.355596 0.024828 0.242383 0.970139 -0.009009
4.07951 25.9102 16.7063 0.368953 0.046562 -0.797507 -0.603284 0.005602
5.0914 24.5638 15.7723 0.376864 0.057742 -0.797507 -0.603284 0.005602
5.0914 24.5726 16.7187 0.368953 0.057742 -0.797507 -0.603284 0.005602
4.07951 25.9014 15.7599 0.376864 0.046562 -0.797507 -0.603284 0.005602
5.0914 24.5638 15.7723 0.376864 0.057742 -0.797507 -0.603284 0.005602
4.07951 25.9102 16.7063 0.368953 0.046562 -0.797507 -0.603284 0.005602
4.07951 25.9138 17.0996 0.348107 0.046562 -2e-06 -0.009286 -0.999957
6.53402 27.0994 17.0886 0.368622 0.036653 -2e-06 -0.009286 -0.999957
5.0914 24.5763 17.112 0.356564 0.057742 -2e-06 -0.009286 -0.999957
5.41905 27.3779 17.086 0.359303 0.034325 -2e-06 -0.009286 -0.999957
6.53402 27.0994 17.0886 0.368622 0.036653 -2e-06 -0.009286 -0.999957
4.07951 25.9138 17.0996 0.348107 0.046562 -2e-06 -0.009286 -0.999957
4.07951 25.9226 18.046 0.368953 0.046562 -0.737815 0.674974 -0.006268
5.41905 27.3779 17.086 0.376864 0.034325 -0.737815 0.674974 -0.006268
4.07951 25.9138 17.0996 0.376864 0.046562 -0.737815 0.674974 -0.006268
5.41905 27.3867 18.0324 0.368953 0.034325 -0.737815 0.674974 -0.006268
5.41905 27.3779 17.086 0.376864 0.034325 -0.737815 0.674974 -0.006268
4.07951 25.9226 18.046 0.368953 0.046562 -0.737815 0.674974 -0.006268
4.07951 25.9226 18.046 0.371964 0.021909 0 0.009286 0.999957
6.53402 27.1082 18.035 0.392479 0.031819 0 0.009286 0.999957
5.41905 27.3867 18.0324 0.38316 0.034147 0 0.009286 0.999957
5.0914 24.5851 18.0584 0.380421 0.010729 0 0.009286 0.999957
6.53402 27.1082 18.035 0.392479 0.031819 0 0.009286 0.999957
4.07951 25.9226 18.046 0.371964 0.021909 0 0.009286 0.999957
5.0914 24.5763 17.112 0.36378 0.034147 0.868126 -0.496322 0.004609
6.53402 27.1082 18.035 0.37169 0.013057 0.868126 -0.496322 0.004609
5.0914 24.5851 18.0584 0.37169 0.034147 0.868126 -0.496322 0.004609
6.53402 27.0994 17.0886 0.36378 0.013057 0.868126 -0.496322 0.004609
6.53402 27.1082 18.035 0.37169 0.013057 0.868126 -0.496322 0.004609
5.0914 24.5763 17.112 0.36378 0.034147 0.868126 -0.496322 0.004609
5.41905 27.3779 17.086 0.355596 0.024828 0.242383 0.970139 -0.009009
6.53402 27.1082 18.035 0.363506 0.034147 0.242383 0.970139 -0.009009
6.53402 27.0994 17.0886 0.355596 0.034147 0.242383 0.970139 -0.009009
5.41905 27.3867 18.0324 0.363506 0.024828 0.242383 0.970139 -0.009009
6.53402 27.1082 18.035 0.363506 0.034147 0.242383 0.970139 -0.009009
5.41905 27.3779 17.086 0.355596 0.024828 0.242383 0.970139 -0.009009
4.07951 25.9226 18.046 0.368953 0.046562 -0.797507 -0.603284 0.005602
5.0914 24.5763 17.112 0.376864 0.057742 -0.797507 -0.603284 0.005602
5.0914 24.5851 18.0584 0.368953 0.057742 -0.797507 -0.603284 0.005602
4.07951 25.9138 17.0996 0.376864 0.046562 -0.797507 -0.603284 0.005602
5.0914 24.5763 17.112 0.376864 0.057742 -0.797507 -0.603284 0.005602
4.07951 25.9226 18.046 0.368953 0.046562 -0.797507 -0.603284 0.005602
4.07951 25.9262 18.4394 0.348107 0.046562 -2e-06 -0.009286 -0.999957
6.53402 27.1118 18.4283 0.368622 0.036653 -2e-06 -0.009286 -0.999957
5.0914 24.5887 18.4518 0.356564 0.057742 -2e-06 -0.009286 -0.999957
5.41905 27.3904 18.4258 0.359303 0.034325 -2e-06 -0.009286 -0.999957
6.53402 27.1118 18.4283 0.368622 0.036653 -2e-06 -0.009286 -0.999957
4.07951 25.9262 18.4394 0.348107 0.046562 -2e-06 -0.009286 -0.999957
4.07951 25.935 19.3858 0.368953 0.046562 -0.737815 0.674974 -0.006268
5.41905 27.3904 18.4258 0.376864 0.034325 -0.737815 0.674974 -0.006268
4.07951 25.9262 18.4394 0.376864 0.046562 -0.737815 0.674974 -0.006268
5.41905 27.3992 19.3722 0.368953 0.034325 -0.737815 0.674974 -0.006268
5.41905 27.3904 18.4258 0.376864 0.034325 -0.737815 0.674974 -0.006268
4.07951 25.935 19.3858 0.368953 0.046562 -0.737815 0.674974 -0.006268
4.07951 25.935 19.3858 0.371964 0.021909 0 0.009286 0.999957
6.53402 27.1206 19.3748 0.392479 0.031819 0 0.009286 0.999957
5.41905 27.3992 19.3722 0.38316 0.034147 0 0.009286 0.999957
5.0914 24.5975 19.3982 0.380421 0.010729 0 0.009286 0.999957
6.53402 27.1206 19.3748 0.392479 0.031819 0 0.009286 0.999957
4.07951 25.935 19.3858 0.371964 0.021909 0 0.009286 0.999957
5.0914 24.5887 18.4518 0.36378 0.034147 0.868126 -0.496322 0.004609
6.53402 27.1206 19.3748 0.37169 0.013057 0.868126 -0.496322 0.004609
5.0914 24.5975 19.3982 0.37169 0.034147 0.868126 -0.496322 0.004609
6.53402 27.1118 18.4283 0.36378 0.013057 0.868126 -0.496322 0.004609
6.53402 27.1206 19.3748 0.37169 0.013057 0.868126 -0.496322 0.004609
5.0914 24.5887 18.4518 0.36378 0.034147 0.868126 -0.496322 0.004609
5.41905 27.3904 18.4258 0.355596 0.024828 0.242383 0.970139 -0.009009
6.53402 27.1206 19.3748 0.363506 0.034147 0.242383 0.970139 -0.009009
6.53402 27.1118 18.4283 0.355596 0.034147 0.242383 0.970139 -0.009009
5.41905 27.3992 19.3722 0.363506 0.024828 0.242383 0.970139 -0.009009
6.53402 27.1206 19.3748 0.363506 0.034147 0.242383 0.970139 -0.009009
5.41905 27.3904 18.4258 0.355596 0.024828 0.242383 0.970139 -0.009009
4.07951 25.935 19.3858 0.368953 0.046562 -0.797507 -0.603284 0.005602
5.0914 24.5887 18.4518 0.376864 0.057742 -0.797507 -0.603284 0.005602
5.0914 24.5975 19.3982 0.368953 0.057742 -0.797507 -0.603284 0.005602
4.07951 25.9262 18.4394 0.376864 0.046562 -0.797507 -0.603284 0.005602
5.0914 24.5887 18.4518 0.376864 0.057742 -0.797507 -0.603284 0.005602
4.07951 25.935 19.3858 0.368953 0.046562 -0.797507 -0.603284 0.005602
4.07951 25.939 19.8076 0.348107 0.046562 -2e-06 -0.009286 -0.999957
6.53402 27.1245 19.7966 0.368622 0.036653 -2e-06 -0.009286 -0.999957
5.0914 24.6014 19.82 0.356564 0.057742 -2e-06 -0.009286 -0.999957
5.41905 27.4031 19.794 0.359303 0.034325 -2e-06 -0.009286 -0.999957
6.53402 27.1245 19.7966 0.368622 0.036653 -2e-06 -0.009286 -0.999957
4.07951 25.939 19.8076 0.348107 0.046562 -2e-06 -0.009286 -0.999957
4.07951 25.9477 20.754 0.368953 0.046562 -0.737815 0.674974 -0.006268
5.41905 27.4031 19.794 0.376864 0.034325 -0.737815 0.674974 -0.006268
4.07951 25.939 19.8076 0.376864 0.046562 -0.737815 0.674974 -0.006268
5.41905 27.4119 20.7404 0.368953 0.034325 -0.737815 0.674974 -0.006268
5.41905 27.4031 19.794 0.376864 0.034325 -0.737815 0.674974 -0.006268
4.07951 25.9477 20.754 0.368953 0.046562 -0.737815 0.674974 -0.006268
4.07951 25.9477 20.754 0.371964 0.021909 0 0.009286 0.999957
6.53402 27.1333 20.743 0.392479 0.031819 0 0.009286 0.999957
5.41905 27.4119 20.7404 0.38316 0.034147 0 0.009286 0.999957
5.0914 24.6102 20.7664 0.380421 0.010729 0 0.009286 0.999957
6.53402 27.1333 20.743 0.392479 0.031819 0 0.009286 0.999957
4.07951 25.9477 20.754 0.371964 0.021909 0 0.009286 0.999957
5.0914 24.6014 19.82 0.36378 0.034147 0.868126 -0.496322 0.004609
6.53402 27.1333 20.743 0.37169 0.013057 0.868126 -0.496322 0.004609
5.0914 24.6102 20.7664 0.37169 0.034147 0.868126 -0.496322 0.004609
6.53402 27.1245 19.7966 0.36378 0.013057 0.868126 -0.496322 0.004609
6.53402 27.1333 20.743 0.37169 0.013057 0.868126 -0.496322 0.004609
5.0914 24.6014 19.82 0.36378 0.034147 0.868126 -0.496322 0.004609
5.41905 27.4031 19.794 0.355596 0.024828 0.242383 0.970139 -0.009009
6.53402 27.1333 20.743 0.363506 0.034147 0.242383 0.970139 -0.009009
6.53402 27.1245 19.7966 0.355596 0.034147 0.242383 0.970139 -0.009009
5.41905 27.4119 20.7404 0.363506 0.024828 0.242383 0.970139 -0.009009
6.53402 27.1333 20.743 0.363506 0.034147 0.242383 0.970139 -0.009009
5.41905 27.4031 19.794 0.355596 0.024828 0.242383 0.970139 -0.009009
4.07951 25.9477 20.754 0.368953 0.046562 -0.797507 -0.603284 0.005602
5.0914 24.6014 19.82 0.376864 0.057742 -0.797507 -0.603284 0.005602
5.0914 24.6102 20.7664 0.368953 0.057742 -0.797507 -0.603284 0.005602
4.07951 25.939 19.8076 0.376864 0.046562 -0.797507 -0.603284 0.005602
5.0914 24.6014 19.82 0.376864 0.057742 -0.797507 -0.603284 0.005602
4.07951 25.9477 20.754 0.368953 0.046562 -0.797507 -0.603284 0.005602
3.00717 25.9463 15.3774 0.403404 0.050635 1e-06 -0.009286 -0.999957
5.32898 23.8493 15.3968 0.393309 0.061812 1e-06 -0.009286 -0.999957
2.33649 23.8493 15.3968 0.393309 0.047406 1e-06 -0.009286 -0.999957
4.65829 25.9463 15.3774 0.403404 0.058584 1e-06 -0.009286 -0.999957
5.32898 23.8493 15.3968 0.393309 0.061812 1e-06 -0.009286 -0.999957
3.00717 25.9463 15.3774 0.403404 0.050635 1e-06 -0.009286 -0.999957
3.00717 26.0012 21.2902 0.356391 0.062001 0 0.999957 -0.009286
4.65829 25.9463 15.3774 0.364339 0.090467 0 0.999957 -0.009286
3.00717 25.9463 15.3774 0.356391 0.090467 0 0.999957 -0.009286
4.65829 26.0012 21.2902 0.364339 0.062001 0 0.999957 -0.009286
4.65829 25.9463 15.3774 0.364339 0.090467 0 0.999957 -0.009286
3.00717 26.0012 21.2902 0.356391 0.062001 0 0.999957 -0.009286
2.33649 23.9042 21.3097 0.393019 0.047406 0 0.009286 0.999957
4.65829 26.0012 21.2902 0.382923 0.058584 0 0.009286 0.999957
3.00717 26.0012 21.2902 0.382923 0.050635 0 0.009286 0.999957
5.32898 23.9042 21.3097 0.393019 0.061812 0 0.009286 0.999957
4.65829 26.0012 21.2902 0.382923 0.058584 0 0.009286 0.999957
2.33649 23.9042 21.3097 0.393019 0.047406 0 0.009286 0.999957
2.33649 23.8493 15.3968 0.36468 0.062001 0 -0.999957 0.009286
5.32898 23.9042 21.3097 0.379085 0.090467 0 -0.999957 0.009286
2.33649 23.9042 21.3097 0.36468 0.090467 0 -0.999957 0.009286
5.32898 23.8493 15.3968 0.379085 0.062001 0 -0.999957 0.009286
5.32898 23.9042 21.3097 0.379085 0.090467 0 -0.999957 0.009286
2.33649 23.8493 15.3968 0.36468 0.062001 0 -0.999957 0.009286
4.65829 25.9463 15.3774 0.389494 0.062001 0.952475 0.304602 -0.002829
5.32898 23.9042 21.3097 0.379398 0.090467 0.952475 0.304602 -0.002829
5.32898 23.8493 15.3968 0.379398 0.062001 0.952475 0.304602 -0.002829
4.65829 26.0012 21.2902 0.389494 0.090467 0.952475 0.304602 -0.002829
5.32898 23.9042 21.3097 0.379398 0.090467 0.952475 0.304602 -0.002829
4.65829 25.9463 15.3774 0.389494 0.062001 0.952475 0.304602 -0.002829
3.00717 26.0012 21.2902 0.399889 0.062001 -0.952475 0.304603 -0.002829
2.33649 23.8493 15.3968 0.389794 0.090467 -0.952475 0.304603 -0.002829
2.33649 23.9042 21.3097 0.389794 0.062001 -0.952475 0.304603 -0.002829
3.00717 25.9463 15.3774 0.399889 0.090467 -0.952475 0.304603 -0.002829
2.33649 23.8493 15.3968 0.389794 0.090467 -0.952475 0.304603 -0.002829
3.00717 26.0012 21.2902 0.399889 0.062001 -0.952475 0.304603 -0.002829
