Vertex Count: 348

Data:

-1.16486 15.2859 -67.2099 0.737728 0.232809 0 0.56791 -0.82309
0.943919 17.4836 -65.6935 0.710871 0.204999 0 0.56791 -0.82309
0.943919 15.2859 -67.2099 0.710871 0.232809 0 0.56791 -0.82309
-1.16486 17.4836 -65.6935 0.737728 0.204999 0 0.56791 -0.82309
0.943919 17.4836 -65.6935 0.710871 0.204999 0 0.56791 -0.82309
-1.16486 15.2859 -67.2099 0.737728 0.232809 0 0.56791 -0.82309
-1.16486 17.4836 -65.6935 0.658106 0.172262 0 0.999957 -0.009286
0.943919 17.4969 -64.265 0.675779 0.146175 0 0.999957 -0.009286
0.943919 17.4836 -65.6935 0.658106 0.146175 0 0.999957 -0.009286
-1.16486 17.4969 -64.265 0.675779 0.172262 0 0.999957 -0.009286
0.943919 17.4969 -64.265 0.675779 0.146175 0 0.999957 -0.009286
-1.16486 17.4836 -65.6935 0.658106 0.172262 0 0.999957 -0.009286
-1.16486 17.5203 -61.74 0.732881 0.185436 0 0.009286 0.999957
0.943919 15.3369 -61.7197 0.717063 0.201814 0 0.009286 0.999957
0.943919 17.5203 -61.74 0.717063 0.185436 0 0.009286 0.999957
-1.16486 15.3369 -61.7197 0.732881 0.201814 0 0.009286 0.999957
0.943919 15.3369 -61.7197 0.717063 0.201814 0 0.009286 0.999957
-1.16486 17.5203 -61.74 0.732881 0.185436 0 0.009286 0.999957
-1.16486 15.3369 -61.7197 0.704881 0.245283 0 -0.999957 0.009286
0.943919 15.3 -65.6889 0.657582 0.220155 0 -0.999957 0.009286
0.943919 15.3369 -61.7197 0.704881 0.220155 0 -0.999957 0.009286
-1.16486 15.3 -65.6889 0.657582 0.245283 0 -0.999957 0.009286
0.943919 15.3 -65.6889 0.657582 0.220155 0 -0.999957 0.009286
-1.16486 15.3369 -61.7197 0.704881 0.245283 0 -0.999957 0.009286
-1.16486 15.3 -65.6889 0.657195 0.203356 -1 0 -0
-1.16486 17.4836 -65.6935 0.657395 0.175537 -1 0 -0
-1.16486 15.2859 -67.2099 0.637817 0.203356 -1 0 -0
-1.16486 17.4969 -64.265 0.675595 0.175537 -1 0 -0
-1.16486 17.4836 -65.6935 0.657395 0.175537 -1 0 -0
-1.16486 15.3 -65.6889 0.657195 0.203356 -1 0 -0
0.943919 15.3369 -61.7197 0.707766 0.203356 1 0 -0
0.943919 17.4969 -64.265 0.675595 0.175537 1 0 -0
0.943919 17.5203 -61.74 0.707766 0.175537 1 0 -0
0.943919 15.3 -65.6889 0.657195 0.203356 1 0 -0
0.943919 17.4969 -64.265 0.675595 0.175537 1 0 -0
0.943919 15.3369 -61.7197 0.707766 0.203356 1 0 -0
-1.16486 17.4969 -64.265 0.675779 0.172262 0 0.999957 -0.009286
0.943919 17.5203 -61.74 0.707017 0.146175 0 0.999957 -0.009286
0.943919 17.4969 -64.265 0.675779 0.146175 0 0.999957 -0.009286
-1.16486 17.5203 -61.74 0.707017 0.172262 0 0.999957 -0.009286
0.943919 17.5203 -61.74 0.707017 0.146175 0 0.999957 -0.009286
-1.16486 17.4969 -64.265 0.675779 0.172262 0 0.999957 -0.009286
-1.16486 14.2234 -66.4165 0.648792 0.245283 0 -0.999957 0.009284
0.943919 14.2188 -66.9114 0.642895 0.220155 0 -0.999957 0.009284
0.943919 14.2234 -66.4165 0.648792 0.220155 0 -0.999957 0.009284
-1.16486 14.2188 -66.9114 0.642895 0.245283 0 -0.999957 0.009284
0.943919 14.2188 -66.9114 0.642895 0.220155 0 -0.999957 0.009284
-1.16486 14.2234 -66.4165 0.648792 0.245283 0 -0.999957 0.009284
-1.16486 17.4969 -64.265 0.675595 0.175537 -1 0 -0
-1.16486 15.3369 -61.7197 0.707766 0.203356 -1 0 -0
-1.16486 17.5203 -61.74 0.707766 0.175537 -1 0 -0
-1.16486 15.3 -65.6889 0.657195 0.203356 -1 0 -0
-1.16486 15.3369 -61.7197 0.707766 0.203356 -1 0 -0
-1.16486 17.4969 -64.265 0.675595 0.175537 -1 0 -0
0.943919 15.3 -65.6889 0.657195 0.203356 1 0 -0
0.943919 17.4836 -65.6935 0.657395 0.175537 1 0 -0
0.943919 17.4969 -64.265 0.675595 0.175537 1 0 -0
0.943919 15.2859 -67.2099 0.637817 0.203356 1 0 -0
0.943919 17.4836 -65.6935 0.657395 0.175537 1 0 -0
0.943919 15.3 -65.6889 0.657195 0.203356 1 0 -0
-1.16486 15.3 -65.6889 0.657582 0.245283 0 0.009286 0.999957
0.943919 14.2234 -66.4165 0.648792 0.220155 0 0.009286 0.999957
0.943919 15.3 -65.6889 0.657582 0.220155 0 0.009286 0.999957
-1.16486 14.2234 -66.4165 0.648792 0.245283 0 0.009286 0.999957
0.943919 14.2234 -66.4165 0.648792 0.220155 0 0.009286 0.999957
-1.16486 15.3 -65.6889 0.657582 0.245283 0 0.009286 0.999957
-1.16486 15.2859 -67.2099 0.637817 0.203356 -1 0 -0
-1.16486 14.2234 -66.4165 0.647798 0.216987 -1 0 -0
-1.16486 15.3 -65.6889 0.657195 0.203356 -1 0 -0
-1.16486 14.6583 -67.204 0.637817 0.211353 -1 0 -0
-1.16486 14.2234 -66.4165 0.647798 0.216987 -1 0 -0
-1.16486 15.2859 -67.2099 0.637817 0.203356 -1 0 -0
-1.16486 14.6583 -67.204 0.637817 0.211353 -1 0 -0
-1.16486 14.2188 -66.9114 0.641494 0.216987 -1 0 -0
-1.16486 14.2234 -66.4165 0.647798 0.216987 -1 0 -0
0.943919 15.2859 -67.2099 0.710871 0.232809 0 -0.009286 -0.999957
-1.16486 14.6583 -67.204 0.737728 0.240803 0 -0.009286 -0.999957
-1.16486 15.2859 -67.2099 0.737728 0.232809 0 -0.009286 -0.999957
0.943919 14.6583 -67.204 0.710871 0.240803 0 -0.009286 -0.999957
-1.16486 14.6583 -67.204 0.737728 0.240803 0 -0.009286 -0.999957
0.943919 15.2859 -67.2099 0.710871 0.232809 0 -0.009286 -0.999957
0.943919 14.2234 -66.4165 0.647798 0.216987 1 0 -0
0.943919 15.2859 -67.2099 0.637817 0.203356 1 0 -0
0.943919 15.3 -65.6889 0.657195 0.203356 1 0 -0
0.943919 14.2234 -66.4165 0.647798 0.216987 1 0 -0
0.943919 14.6583 -67.204 0.637817 0.211353 1 0 -0
0.943919 15.2859 -67.2099 0.637817 0.203356 1 0 -0
0.943919 14.2234 -66.4165 0.647798 0.216987 1 0 -0
0.943919 14.2188 -66.9114 0.641494 0.216987 1 0 -0
0.943919 14.6583 -67.204 0.637817 0.211353 1 0 -0
-1.16486 14.2188 -66.9114 0.737728 0.246436 0 -0.73848 -0.674275
0.943919 14.6583 -67.204 0.710871 0.240803 0 -0.73848 -0.674275
0.943919 14.2188 -66.9114 0.710871 0.246436 0 -0.73848 -0.674275
-1.16486 14.6583 -67.204 0.737728 0.240803 0 -0.73848 -0.674275
0.943919 14.6583 -67.204 0.710871 0.240803 0 -0.73848 -0.674275
-1.16486 14.2188 -66.9114 0.737728 0.246436 0 -0.73848 -0.674275
-0.528343 17.0433 -65.4092 0.592013 0.253546 -0.500003 0.865986 -0.008042
-0.829606 16.6882 -71.1998 0.587334 0.173503 -0.79201 0.453489 -0.408739
-0.829606 16.742 -65.4064 0.587153 0.253532 -0.866027 0.499976 -0.004643
-0.528343 16.9895 -71.2026 0.592116 0.173517 -0.457269 0.788217 -0.411848
-0.829606 16.6882 -71.1998 0.587334 0.173503 -0.79201 0.453489 -0.408739
-0.528343 17.0433 -65.4092 0.592013 0.253546 -0.500003 0.865986 -0.008042
-0.116808 17.1536 -65.4102 0.596919 0.253551 0 0.999957 -0.009286
-0.528343 16.9895 -71.2026 0.592116 0.173517 -0.457269 0.788217 -0.411848
-0.528343 17.0433 -65.4092 0.592013 0.253546 -0.500003 0.865986 -0.008042
-0.116808 17.0998 -71.2037 0.596912 0.173522 -1e-06 0.910737 -0.412987
-0.528343 16.9895 -71.2026 0.592116 0.173517 -0.457269 0.788217 -0.411848
-0.116808 17.1536 -65.4102 0.596919 0.253551 0 0.999957 -0.009286
0.294727 17.0433 -65.4092 0.601822 0.253546 0.5 0.865988 -0.008042
-0.116808 17.0998 -71.2037 0.596912 0.173522 -1e-06 0.910737 -0.412987
-0.116808 17.1536 -65.4102 0.596919 0.253551 0 0.999957 -0.009286
0.294727 16.9895 -71.2026 0.601712 0.173515 0.457265 0.788219 -0.411849
-0.116808 17.0998 -71.2037 0.596912 0.173522 -1e-06 0.910737 -0.412987
0.294727 17.0433 -65.4092 0.601822 0.253546 0.5 0.865988 -0.008042
0.595992 16.742 -65.4064 0.606678 0.253532 0.866026 0.499978 -0.004643
0.294727 16.9895 -71.2026 0.601712 0.173515 0.457265 0.788219 -0.411849
0.294727 17.0433 -65.4092 0.601822 0.253546 0.5 0.865988 -0.008042
0.595992 16.6882 -71.1998 0.606492 0.173501 0.792009 0.453491 -0.40874
0.294727 16.9895 -71.2026 0.601712 0.173515 0.457265 0.788219 -0.411849
0.595992 16.742 -65.4064 0.606678 0.253532 0.866026 0.499978 -0.004643
0.706262 16.3305 -65.4025 0.611451 0.253512 1 0 -0
0.595992 16.6882 -71.1998 0.606492 0.173501 0.792009 0.453491 -0.40874
0.595992 16.742 -65.4064 0.606678 0.253532 0.866026 0.499978 -0.004643
0.706262 16.2767 -71.196 0.611247 0.173485 0.914534 -0.003756 -0.404492
0.595992 16.6882 -71.1998 0.606492 0.173501 0.792009 0.453491 -0.40874
0.706262 16.3305 -65.4025 0.611451 0.253512 1 0 -0
0.595992 15.919 -65.3987 0.616144 0.253493 0.866025 -0.499979 0.004643
0.706262 16.2767 -71.196 0.611247 0.173485 0.914534 -0.003756 -0.404492
0.706262 16.3305 -65.4025 0.611451 0.253512 1 0 -0
0.595992 15.8652 -71.1922 0.61597 0.173464 0.792009 -0.461003 -0.400247
0.706262 16.2767 -71.196 0.611247 0.173485 0.914534 -0.003756 -0.404492
0.595992 15.919 -65.3987 0.616144 0.253493 0.866025 -0.499979 0.004643
0.294728 15.6177 -65.3959 0.620765 0.253482 0.5 -0.865988 0.008042
0.595992 15.8652 -71.1922 0.61597 0.173464 0.792009 -0.461003 -0.400247
0.595992 15.919 -65.3987 0.616144 0.253493 0.866025 -0.499979 0.004643
0.294728 15.5639 -71.1894 0.620669 0.173453 0.457266 -0.795732 -0.397138
0.595992 15.8652 -71.1922 0.61597 0.173464 0.792009 -0.461003 -0.400247
0.294728 15.6177 -65.3959 0.620765 0.253482 0.5 -0.865988 0.008042
-0.116808 15.5075 -65.3949 0.62535 0.253475 -1e-06 -0.999957 0.009286
0.294728 15.5639 -71.1894 0.620669 0.173453 0.457266 -0.795732 -0.397138
0.294728 15.6177 -65.3959 0.620765 0.253482 0.5 -0.865988 0.008042
-0.116808 15.4537 -71.1884 0.625355 0.173448 -2e-06 -0.918251 -0.396
0.294728 15.5639 -71.1894 0.620669 0.173453 0.457266 -0.795732 -0.397138
-0.116808 15.5075 -65.3949 0.62535 0.253475 -1e-06 -0.999957 0.009286
-0.528343 15.6177 -65.3959 0.573045 0.253482 -0.5 -0.865988 0.008042
-0.116808 15.4537 -71.1884 0.568464 0.173448 -2e-06 -0.918251 -0.396
-0.116808 15.5075 -65.3949 0.568457 0.253478 -1e-06 -0.999957 0.009286
-0.528343 15.5639 -71.1894 0.57315 0.173455 -0.457267 -0.795731 -0.397138
-0.116808 15.4537 -71.1884 0.568464 0.173448 -2e-06 -0.918251 -0.396
-0.528343 15.6177 -65.3959 0.573045 0.253482 -0.5 -0.865988 0.008042
-0.829606 15.919 -65.3987 0.577673 0.253496 -0.866025 -0.499979 0.004643
-0.528343 15.5639 -71.1894 0.57315 0.173455 -0.457267 -0.795731 -0.397138
-0.528343 15.6177 -65.3959 0.573045 0.253482 -0.5 -0.865988 0.008042
-0.829606 15.8652 -71.1922 0.57785 0.173467 -0.792009 -0.461003 -0.400247
-0.528343 15.5639 -71.1894 0.57315 0.173455 -0.457267 -0.795731 -0.397138
-0.829606 15.919 -65.3987 0.577673 0.253496 -0.866025 -0.499979 0.004643
-0.939877 16.3305 -65.4025 0.582371 0.253514 -1 0 -0
-0.829606 15.8652 -71.1922 0.57785 0.173467 -0.792009 -0.461003 -0.400247
-0.829606 15.919 -65.3987 0.577673 0.253496 -0.866025 -0.499979 0.004643
-0.939877 16.2767 -71.196 0.582577 0.173485 -0.914534 -0.003755 -0.404493
-0.829606 15.8652 -71.1922 0.57785 0.173467 -0.792009 -0.461003 -0.400247
-0.939877 16.3305 -65.4025 0.582371 0.253514 -1 0 -0
-0.829606 16.742 -65.4064 0.587153 0.253532 -0.866027 0.499976 -0.004643
-0.939877 16.2767 -71.196 0.582577 0.173485 -0.914534 -0.003755 -0.404493
-0.939877 16.3305 -65.4025 0.582371 0.253514 -1 0 -0
-0.829606 16.6882 -71.1998 0.587334 0.173503 -0.79201 0.453489 -0.408739
-0.939877 16.2767 -71.196 0.582577 0.173485 -0.914534 -0.003755 -0.404493
-0.829606 16.742 -65.4064 0.587153 0.253532 -0.866027 0.499976 -0.004643
-0.406389 16.6658 -83.3083 0.592375 0.00625902 0.482748 -0.83853 -0.252628
-0.116808 16.1842 -81.1564 0.596626 0.035896 0 -0.009287 -0.999957
-0.618378 16.4538 -83.3064 0.587806 0.00625002 0.836148 -0.485146 -0.25591
-0.116808 16.7434 -83.309 0.596898 0.00626099 -3e-06 -0.967876 -0.251427
-0.116808 16.1842 -81.1564 0.596626 0.035896 0 -0.009287 -0.999957
-0.406389 16.6658 -83.3083 0.592375 0.00625902 0.482748 -0.83853 -0.252628
0.172775 16.6658 -83.3083 0.601424 0.006257 -0.48275 -0.838529 -0.252628
-0.116808 16.1842 -81.1564 0.596626 0.035896 0 -0.009287 -0.999957
-0.116808 16.7434 -83.309 0.596898 0.00626099 -3e-06 -0.967876 -0.251427
0.384763 16.4538 -83.3064 0.606002 0.00624698 -0.836147 -0.485147 -0.25591
-0.116808 16.1842 -81.1564 0.596626 0.035896 0 -0.009287 -0.999957
0.172775 16.6658 -83.3083 0.601424 0.006257 -0.48275 -0.838529 -0.252628
0.462356 16.1643 -83.3037 0.610681 0.00623602 -0.9655 -0.002418 -0.260393
-0.116808 16.1842 -81.1564 0.596626 0.035896 0 -0.009287 -0.999957
0.384763 16.4538 -83.3064 0.606002 0.00624698 -0.836147 -0.485147 -0.25591
0.384763 15.8747 -83.301 0.615479 0.00622201 -0.836149 0.480309 -0.264875
-0.116808 16.1842 -81.1564 0.596626 0.035896 0 -0.009287 -0.999957
0.462356 16.1643 -83.3037 0.610681 0.00623602 -0.9655 -0.002418 -0.260393
0.172775 15.6627 -83.299 0.620392 0.00621301 -0.482751 0.833692 -0.268157
-0.116808 16.1842 -81.1564 0.596626 0.035896 0 -0.009287 -0.999957
0.384763 15.8747 -83.301 0.615479 0.00622201 -0.836149 0.480309 -0.264875
-0.116808 15.5851 -83.2983 0.56848 0.00620902 3e-06 0.96304 -0.269358
-0.116808 16.1842 -81.1564 0.596626 0.035896 0 -0.009287 -0.999957
0.172775 15.6627 -83.299 0.620392 0.00621301 -0.482751 0.833692 -0.268157
-0.406389 15.6627 -83.299 0.573457 0.00621301 0.482753 0.833692 -0.268157
-0.116808 16.1842 -81.1564 0.596626 0.035896 0 -0.009287 -0.999957
-0.116808 15.5851 -83.2983 0.56848 0.00620902 3e-06 0.96304 -0.269358
-0.618379 15.8747 -83.301 0.578356 0.00622201 0.836148 0.48031 -0.264875
-0.116808 16.1842 -81.1564 0.596626 0.035896 0 -0.009287 -0.999957
-0.406389 15.6627 -83.299 0.573457 0.00621301 0.482753 0.833692 -0.268157
-0.695972 16.1643 -83.3037 0.583141 0.00623602 0.9655 -0.002417 -0.260393
-0.116808 16.1842 -81.1564 0.596626 0.035896 0 -0.009287 -0.999957
-0.618379 15.8747 -83.301 0.578356 0.00622201 0.836148 0.48031 -0.264875
-0.618378 16.4538 -83.3064 0.587806 0.00625002 0.836148 -0.485146 -0.25591
-0.116808 16.1842 -81.1564 0.596626 0.035896 0 -0.009287 -0.999957
-0.695972 16.1643 -83.3037 0.583141 0.00623602 0.9655 -0.002417 -0.260393
-0.528343 16.9895 -71.2026 0.592116 0.173517 -0.457269 0.788217 -0.411848
-0.696955 16.6103 -71.3407 0.587315 0.171544 -0.790691 0.452697 -0.412157
-0.829606 16.6882 -71.1998 0.587334 0.173503 -0.79201 0.453489 -0.408739
-0.451756 16.8555 -71.3429 0.592105 0.171556 -0.456507 0.786867 -0.415262
-0.696955 16.6103 -71.3407 0.587315 0.171544 -0.790691 0.452697 -0.412157
-0.528343 16.9895 -71.2026 0.592116 0.173517 -0.457269 0.788217 -0.411848
-0.116808 17.0998 -71.2037 0.596912 0.173522 -1e-06 0.910737 -0.412987
-0.451756 16.8555 -71.3429 0.592105 0.171556 -0.456507 0.786867 -0.415262
-0.528343 16.9895 -71.2026 0.592116 0.173517 -0.457269 0.788217 -0.411848
-0.116808 16.9453 -71.3438 0.596914 0.17156 0 0.909182 -0.416399
-0.451756 16.8555 -71.3429 0.592105 0.171556 -0.456507 0.786867 -0.415262
-0.116808 17.0998 -71.2037 0.596912 0.173522 -1e-06 0.910737 -0.412987
0.294727 16.9895 -71.2026 0.601712 0.173515 0.457265 0.788219 -0.411849
-0.116808 16.9453 -71.3438 0.596914 0.17156 0 0.909182 -0.416399
-0.116808 17.0998 -71.2037 0.596912 0.173522 -1e-06 0.910737 -0.412987
0.218141 16.8555 -71.3429 0.601722 0.171556 0.456504 0.786868 -0.415263
-0.116808 16.9453 -71.3438 0.596914 0.17156 0 0.909182 -0.416399
0.294727 16.9895 -71.2026 0.601712 0.173515 0.457265 0.788219 -0.411849
0.595992 16.6882 -71.1998 0.606492 0.173501 0.792009 0.453491 -0.40874
0.218141 16.8555 -71.3429 0.601722 0.171556 0.456504 0.786868 -0.415263
0.294727 16.9895 -71.2026 0.601712 0.173515 0.457265 0.788219 -0.411849
0.46334 16.6103 -71.3407 0.606508 0.171544 0.79069 0.452698 -0.412158
0.218141 16.8555 -71.3429 0.601722 0.171556 0.456504 0.786868 -0.415263
0.595992 16.6882 -71.1998 0.606492 0.173501 0.792009 0.453491 -0.40874
0.706262 16.2767 -71.196 0.611247 0.173485 0.914534 -0.003756 -0.404492
0.46334 16.6103 -71.3407 0.606508 0.171544 0.79069 0.452698 -0.412158
0.595992 16.6882 -71.1998 0.606492 0.173501 0.792009 0.453491 -0.40874
0.553089 16.2754 -71.3375 0.611265 0.171528 0.913011 -0.003788 -0.407917
0.46334 16.6103 -71.3407 0.606508 0.171544 0.79069 0.452698 -0.412158
0.706262 16.2767 -71.196 0.611247 0.173485 0.914534 -0.003756 -0.404492
0.595992 15.8652 -71.1922 0.61597 0.173464 0.792009 -0.461003 -0.400247
0.553089 16.2754 -71.3375 0.611265 0.171528 0.913011 -0.003788 -0.407917
0.706262 16.2767 -71.196 0.611247 0.173485 0.914534 -0.003756 -0.404492
0.46334 15.9405 -71.3344 0.615988 0.171514 0.79069 -0.460274 -0.403679
0.553089 16.2754 -71.3375 0.611265 0.171528 0.913011 -0.003788 -0.407917
0.595992 15.8652 -71.1922 0.61597 0.173464 0.792009 -0.461003 -0.400247
0.294728 15.5639 -71.1894 0.620669 0.173453 0.457266 -0.795732 -0.397138
0.46334 15.9405 -71.3344 0.615988 0.171514 0.79069 -0.460274 -0.403679
0.595992 15.8652 -71.1922 0.61597 0.173464 0.792009 -0.461003 -0.400247
0.218142 15.6953 -71.3322 0.620681 0.171503 0.456505 -0.794444 -0.400576
0.46334 15.9405 -71.3344 0.615988 0.171514 0.79069 -0.460274 -0.403679
0.294728 15.5639 -71.1894 0.620669 0.173453 0.457266 -0.795732 -0.397138
-0.116808 15.4537 -71.1884 0.625355 0.173448 -2e-06 -0.918251 -0.396
0.218142 15.6953 -71.3322 0.620681 0.171503 0.456505 -0.794444 -0.400576
0.294728 15.5639 -71.1894 0.620669 0.173453 0.457266 -0.795732 -0.397138
-0.116808 15.6055 -71.3313 0.625355 0.171498 -2e-06 -0.91676 -0.399439
0.218142 15.6953 -71.3322 0.620681 0.171503 0.456505 -0.794444 -0.400576
-0.116808 15.4537 -71.1884 0.625355 0.173448 -2e-06 -0.918251 -0.396
-0.528343 15.5639 -71.1894 0.57315 0.173455 -0.457267 -0.795731 -0.397138
-0.116808 15.6055 -71.3313 0.568464 0.171498 -2e-06 -0.91676 -0.399439
-0.116808 15.4537 -71.1884 0.568464 0.173448 -2e-06 -0.918251 -0.396
-0.451756 15.6953 -71.3322 0.573139 0.171505 -0.456506 -0.794444 -0.400575
-0.116808 15.6055 -71.3313 0.568464 0.171498 -2e-06 -0.91676 -0.399439
-0.528343 15.5639 -71.1894 0.57315 0.173455 -0.457267 -0.795731 -0.397138
-0.829606 15.8652 -71.1922 0.57785 0.173467 -0.792009 -0.461003 -0.400247
-0.451756 15.6953 -71.3322 0.573139 0.171505 -0.456506 -0.794444 -0.400575
-0.528343 15.5639 -71.1894 0.57315 0.173455 -0.457267 -0.795731 -0.397138
-0.696955 15.9405 -71.3344 0.577834 0.171514 -0.79069 -0.460273 -0.40368
-0.451756 15.6953 -71.3322 0.573139 0.171505 -0.456506 -0.794444 -0.400575
-0.829606 15.8652 -71.1922 0.57785 0.173467 -0.792009 -0.461003 -0.400247
-0.939877 16.2767 -71.196 0.582577 0.173485 -0.914534 -0.003755 -0.404493
-0.696955 15.9405 -71.3344 0.577834 0.171514 -0.79069 -0.460273 -0.40368
-0.829606 15.8652 -71.1922 0.57785 0.173467 -0.792009 -0.461003 -0.400247
-0.786704 16.2754 -71.3375 0.582556 0.171531 -0.91301 -0.003787 -0.407919
-0.696955 15.9405 -71.3344 0.577834 0.171514 -0.79069 -0.460273 -0.40368
-0.939877 16.2767 -71.196 0.582577 0.173485 -0.914534 -0.003755 -0.404493
-0.829606 16.6882 -71.1998 0.587334 0.173503 -0.79201 0.453489 -0.408739
-0.786704 16.2754 -71.3375 0.582556 0.171531 -0.91301 -0.003787 -0.407919
-0.939877 16.2767 -71.196 0.582577 0.173485 -0.914534 -0.003755 -0.404493
-0.696955 16.6103 -71.3407 0.587315 0.171544 -0.790691 0.452697 -0.412157
-0.786704 16.2754 -71.3375 0.582556 0.171531 -0.91301 -0.003787 -0.407919
-0.829606 16.6882 -71.1998 0.587334 0.173503 -0.79201 0.453489 -0.408739
-0.451756 16.8555 -71.3429 0.592105 0.171556 -0.456507 0.786867 -0.415262
-0.618378 16.4538 -83.3064 0.587806 0.00625002 -0.866001 0.499893 -0.012225
-0.696955 16.6103 -71.3407 0.587315 0.171544 -0.790691 0.452697 -0.412157
-0.406389 16.6658 -83.3083 0.592375 0.00625902 -0.499987 0.865892 -0.015623
-0.618378 16.4538 -83.3064 0.587806 0.00625002 -0.866001 0.499893 -0.012225
-0.451756 16.8555 -71.3429 0.592105 0.171556 -0.456507 0.786867 -0.415262
-0.116808 16.9453 -71.3438 0.596914 0.17156 0 0.909182 -0.416399
-0.406389 16.6658 -83.3083 0.592375 0.00625902 -0.499987 0.865892 -0.015623
-0.451756 16.8555 -71.3429 0.592105 0.171556 -0.456507 0.786867 -0.415262
-0.116808 16.7434 -83.309 0.596898 0.00626099 1e-06 0.999858 -0.016867
-0.406389 16.6658 -83.3083 0.592375 0.00625902 -0.499987 0.865892 -0.015623
-0.116808 16.9453 -71.3438 0.596914 0.17156 0 0.909182 -0.416399
0.218141 16.8555 -71.3429 0.601722 0.171556 0.456504 0.786868 -0.415263
-0.116808 16.7434 -83.309 0.596898 0.00626099 1e-06 0.999858 -0.016867
-0.116808 16.9453 -71.3438 0.596914 0.17156 0 0.909182 -0.416399
0.172775 16.6658 -83.3083 0.601424 0.006257 0.499986 0.865892 -0.015623
-0.116808 16.7434 -83.309 0.596898 0.00626099 1e-06 0.999858 -0.016867
0.218141 16.8555 -71.3429 0.601722 0.171556 0.456504 0.786868 -0.415263
0.46334 16.6103 -71.3407 0.606508 0.171544 0.79069 0.452698 -0.412158
0.172775 16.6658 -83.3083 0.601424 0.006257 0.499986 0.865892 -0.015623
0.218141 16.8555 -71.3429 0.601722 0.171556 0.456504 0.786868 -0.415263
0.384763 16.4538 -83.3064 0.606002 0.00624698 0.866 0.499894 -0.012225
0.172775 16.6658 -83.3083 0.601424 0.006257 0.499986 0.865892 -0.015623
0.46334 16.6103 -71.3407 0.606508 0.171544 0.79069 0.452698 -0.412158
0.553089 16.2754 -71.3375 0.611265 0.171528 0.913011 -0.003788 -0.407917
0.384763 16.4538 -83.3064 0.606002 0.00624698 0.866 0.499894 -0.012225
0.46334 16.6103 -71.3407 0.606508 0.171544 0.79069 0.452698 -0.412158
0.462356 16.1643 -83.3037 0.610681 0.00623602 0.999971 -7e-05 -0.007582
0.384763 16.4538 -83.3064 0.606002 0.00624698 0.866 0.499894 -0.012225
0.553089 16.2754 -71.3375 0.611265 0.171528 0.913011 -0.003788 -0.407917
0.46334 15.9405 -71.3344 0.615988 0.171514 0.79069 -0.460274 -0.403679
0.462356 16.1643 -83.3037 0.610681 0.00623602 0.999971 -7e-05 -0.007582
0.553089 16.2754 -71.3375 0.611265 0.171528 0.913011 -0.003788 -0.407917
0.384763 15.8747 -83.301 0.615479 0.00622201 0.866001 -0.500033 -0.002939
0.462356 16.1643 -83.3037 0.610681 0.00623602 0.999971 -7e-05 -0.007582
0.46334 15.9405 -71.3344 0.615988 0.171514 0.79069 -0.460274 -0.403679
0.218142 15.6953 -71.3322 0.620681 0.171503 0.456505 -0.794444 -0.400576
0.384763 15.8747 -83.301 0.615479 0.00622201 0.866001 -0.500033 -0.002939
0.46334 15.9405 -71.3344 0.615988 0.171514 0.79069 -0.460274 -0.403679
0.172775 15.6627 -83.299 0.620392 0.00621301 0.499987 -0.866033 0.00046
0.384763 15.8747 -83.301 0.615479 0.00622201 0.866001 -0.500033 -0.002939
0.218142 15.6953 -71.3322 0.620681 0.171503 0.456505 -0.794444 -0.400576
-0.116808 15.6055 -71.3313 0.625355 0.171498 -2e-06 -0.91676 -0.399439
0.172775 15.6627 -83.299 0.620392 0.00621301 0.499987 -0.866033 0.00046
0.218142 15.6953 -71.3322 0.620681 0.171503 0.456505 -0.794444 -0.400576
-0.116808 15.5851 -83.2983 0.625373 0.00621098 -1e-06 -0.999999 0.001704
0.172775 15.6627 -83.299 0.620392 0.00621301 0.499987 -0.866033 0.00046
-0.116808 15.6055 -71.3313 0.625355 0.171498 -2e-06 -0.91676 -0.399439
-0.451756 15.6953 -71.3322 0.573139 0.171505 -0.456506 -0.794444 -0.400575
-0.116808 15.5851 -83.2983 0.56848 0.00620902 -1e-06 -0.999999 0.001704
-0.116808 15.6055 -71.3313 0.568464 0.171498 -2e-06 -0.91676 -0.399439
-0.406389 15.6627 -83.299 0.573457 0.00621301 -0.499987 -0.866033 0.00046
-0.116808 15.5851 -83.2983 0.56848 0.00620902 -1e-06 -0.999999 0.001704
-0.451756 15.6953 -71.3322 0.573139 0.171505 -0.456506 -0.794444 -0.400575
-0.696955 15.9405 -71.3344 0.577834 0.171514 -0.79069 -0.460273 -0.40368
-0.406389 15.6627 -83.299 0.573457 0.00621301 -0.499987 -0.866033 0.00046
-0.451756 15.6953 -71.3322 0.573139 0.171505 -0.456506 -0.794444 -0.400575
-0.618379 15.8747 -83.301 0.578356 0.00622201 -0.866001 -0.500034 -0.002939
-0.406389 15.6627 -83.299 0.573457 0.00621301 -0.499987 -0.866033 0.00046
-0.696955 15.9405 -71.3344 0.577834 0.171514 -0.79069 -0.460273 -0.40368
-0.786704 16.2754 -71.3375 0.582556 0.171531 -0.91301 -0.003787 -0.407919
-0.618379 15.8747 -83.301 0.578356 0.00622201 -0.866001 -0.500034 -0.002939
-0.696955 15.9405 -71.3344 0.577834 0.171514 -0.79069 -0.460273 -0.40368
-0.695972 16.1643 -83.3037 0.583141 0.00623602 -0.999971 -7e-05 -0.007582
-0.618379 15.8747 -83.301 0.578356 0.00622201 -0.866001 -0.500034 -0.002939
-0.786704 16.2754 -71.3375 0.582556 0.171531 -0.91301 -0.003787 -0.407919
-0.696955 16.6103 -71.3407 0.587315 0.171544 -0.790691 0.452697 -0.412157
-0.695972 16.1643 -83.3037 0.583141 0.00623602 -0.999971 -7e-05 -0.007582
-0.786704 16.2754 -71.3375 0.582556 0.171531 -0.91301 -0.003787 -0.407919
-0.618378 16.4538 -83.3064 0.587806 0.00625002 -0.866001 0.499893 -0.012225
-0.695972 16.1643 -83.3037 0.583141 0.00623602 -0.999971 -7e-05 -0.007582
-0.696955 16.6103 -71.3407 0.587315 0.171544 -0.790691 0.452697 -0.412157
