Vertex Count: 708

Data:

0 33.269 -12.5172 0.144597 0.369612 -1e-06 -0.374832 -0.927093
0.710503 33.0327 -12.4217 0.157801 0.373301 -1e-06 -0.374832 -0.927093
-0 33.0327 -12.4217 0.144593 0.373301 -1e-06 -0.374832 -0.927093
0.710503 33.269 -12.5172 0.157801 0.369612 -1e-06 -0.374832 -0.927093
0.710503 33.0327 -12.4217 0.157801 0.373301 -1e-06 -0.374832 -0.927093
0 33.269 -12.5172 0.144597 0.369612 -1e-06 -0.374832 -0.927093
0 37.626 -12.4367 0.144597 0.307472 0 0.999957 -0.009286
0.488615 37.6307 -11.934 0.155298 0.303942 0 0.999957 -0.009286
0.710503 37.626 -12.4367 0.157801 0.307472 0 0.999957 -0.009286
0 37.6307 -11.934 0.144597 0.303942 0 0.999957 -0.009286
0.488615 37.6307 -11.934 0.155298 0.303942 0 0.999957 -0.009286
0 37.626 -12.4367 0.144597 0.307472 0 0.999957 -0.009286
-0 33.0327 -12.4217 0.144593 0.373301 1e-06 -0.917306 -0.398183
0.488615 32.8224 -11.9372 0.155298 0.378772 1e-06 -0.917306 -0.398183
-0 32.8224 -11.9372 0.144597 0.378772 1e-06 -0.917306 -0.398183
0.710503 33.0327 -12.4217 0.157801 0.373301 1e-06 -0.917306 -0.398183
0.488615 32.8224 -11.9372 0.155298 0.378772 1e-06 -0.917306 -0.398183
-0 33.0327 -12.4217 0.144593 0.373301 1e-06 -0.917306 -0.398183
5.06147 33.0327 -12.4217 0.223441 0.373301 0.954059 -0.112891 -0.277536
5.17735 33.5559 -12.2361 0.225246 0.367307 0.954059 -0.112891 -0.277536
5.17735 32.8224 -11.9372 0.225246 0.378772 0.954059 -0.112891 -0.277536
5.06147 33.269 -12.5172 0.223441 0.369612 0.954059 -0.112891 -0.277536
5.17735 33.5559 -12.2361 0.225246 0.367307 0.954059 -0.112891 -0.277536
5.06147 33.0327 -12.4217 0.223441 0.373301 0.954059 -0.112891 -0.277536
5.06147 37.433 -12.5596 0.223441 0.310488 0.96523 0.136078 -0.22319
5.17735 34.9483 -13.5734 0.225246 0.34539 0.96523 0.136078 -0.22319
5.06147 34.9436 -14.076 0.223293 0.345338 0.96523 0.136078 -0.22319
5.17735 37.1104 -12.2538 0.225246 0.311995 0.96523 0.136078 -0.22319
5.17735 34.9483 -13.5734 0.225246 0.34539 0.96523 0.136078 -0.22319
5.06147 37.433 -12.5596 0.223441 0.310488 0.96523 0.136078 -0.22319
5.06147 33.827 -12.7791 0.223441 0.358697 0.94811 -0.243119 -0.20489
5.17735 34.9483 -13.5734 0.225246 0.34539 0.94811 -0.243119 -0.20489
5.17735 33.993 -12.4119 0.225246 0.360487 0.94811 -0.243119 -0.20489
5.06147 34.9436 -14.076 0.223293 0.345338 0.94811 -0.243119 -0.20489
5.17735 34.9483 -13.5734 0.225246 0.34539 0.94811 -0.243119 -0.20489
5.06147 33.827 -12.7791 0.223441 0.358697 0.94811 -0.243119 -0.20489
1.33513 33.827 -12.7791 0.164845 0.358697 0 -0.42492 -0.905231
0.710503 33.269 -12.5172 0.157801 0.369612 0 -0.42492 -0.905231
0.710503 33.827 -12.7791 0.157801 0.358697 0 -0.42492 -0.905231
1.33513 33.269 -12.5172 0.164845 0.369612 0 -0.42492 -0.905231
0.710503 33.269 -12.5172 0.157801 0.369612 0 -0.42492 -0.905231
1.33513 33.827 -12.7791 0.164845 0.358697 0 -0.42492 -0.905231
1.55702 37.6307 -11.934 0.167347 0.303942 0 0.999957 -0.009286
0.710503 37.626 -12.4367 0.157801 0.307472 0 0.999957 -0.009286
0.488615 37.6307 -11.934 0.155298 0.303942 0 0.999957 -0.009286
1.33513 37.626 -12.4367 0.164845 0.307472 0 0.999957 -0.009286
0.710503 37.626 -12.4367 0.157801 0.307472 0 0.999957 -0.009286
1.55702 37.6307 -11.934 0.167347 0.303942 0 0.999957 -0.009286
1.33513 33.0327 -12.4217 0.164845 0.373301 -0 -0.917306 -0.398182
0.488615 32.8224 -11.9372 0.155298 0.378772 -0 -0.917306 -0.398182
0.710503 33.0327 -12.4217 0.157801 0.373301 -0 -0.917306 -0.398182
1.55702 32.8224 -11.9372 0.167347 0.378772 -0 -0.917306 -0.398182
0.488615 32.8224 -11.9372 0.155298 0.378772 -0 -0.917306 -0.398182
1.33513 33.0327 -12.4217 0.164845 0.373301 -0 -0.917306 -0.398182
1.33513 37.626 -12.4367 0.164845 0.307472 -0 0.537279 -0.843404
0.710503 37.433 -12.5596 0.157801 0.310488 -0 0.537279 -0.843404
0.710503 37.626 -12.4367 0.157801 0.307472 -0 0.537279 -0.843404
1.33513 37.433 -12.5596 0.164845 0.310488 -0 0.537279 -0.843404
0.710503 37.433 -12.5596 0.157801 0.310488 -0 0.537279 -0.843404
1.33513 37.626 -12.4367 0.164845 0.307472 -0 0.537279 -0.843404
1.33513 34.9436 -14.076 0.164857 0.345338 0 -0.757823 -0.652461
0.710503 33.827 -12.7791 0.157801 0.358697 0 -0.757823 -0.652461
0.710503 34.9436 -14.076 0.157886 0.345338 0 -0.757823 -0.652461
1.33513 33.827 -12.7791 0.164845 0.358697 0 -0.757823 -0.652461
0.710503 33.827 -12.7791 0.157801 0.358697 0 -0.757823 -0.652461
1.33513 34.9436 -14.076 0.164857 0.345338 0 -0.757823 -0.652461
0 37.626 -12.4367 0.144597 0.307472 0 0.537279 -0.843405
0.710503 37.433 -12.5596 0.157801 0.310488 0 0.537279 -0.843405
0 37.433 -12.5596 0.144597 0.310488 0 0.537279 -0.843405
0.710503 37.626 -12.4367 0.157801 0.307472 0 0.537279 -0.843405
0.710503 37.433 -12.5596 0.157801 0.310488 0 0.537279 -0.843405
0 37.626 -12.4367 0.144597 0.307472 0 0.537279 -0.843405
5.06147 37.626 -12.4367 0.223441 0.307472 0.965136 0.138048 -0.222387
5.17735 37.1104 -12.2538 0.225246 0.311995 0.965136 0.138048 -0.222387
5.06147 37.433 -12.5596 0.223441 0.310488 0.965136 0.138048 -0.222387
5.17735 37.6307 -11.934 0.225246 0.303942 0.965136 0.138048 -0.222387
5.17735 37.1104 -12.2538 0.225246 0.311995 0.965136 0.138048 -0.222387
5.06147 37.626 -12.4367 0.223441 0.307472 0.965136 0.138048 -0.222387
5.06147 34.9436 -14.076 0.223293 0.345338 -2e-06 0.520238 -0.854021
4.8198 37.433 -12.5596 0.219676 0.310488 -2e-06 0.520238 -0.854021
5.06147 37.433 -12.5596 0.223441 0.310488 -2e-06 0.520238 -0.854021
4.8198 34.9436 -14.076 0.219603 0.345338 -2e-06 0.520238 -0.854021
4.8198 37.433 -12.5596 0.219676 0.310488 -2e-06 0.520238 -0.854021
5.06147 34.9436 -14.076 0.223293 0.345338 -2e-06 0.520238 -0.854021
5.06147 33.827 -12.7791 0.223441 0.358697 0.95816 -0.115239 -0.262011
5.17735 33.5559 -12.2361 0.225246 0.367307 0.95816 -0.115239 -0.262011
5.06147 33.269 -12.5172 0.223441 0.369612 0.95816 -0.115239 -0.262011
5.17735 33.993 -12.4119 0.225246 0.360487 0.95816 -0.115239 -0.262011
5.17735 33.5559 -12.2361 0.225246 0.367307 0.95816 -0.115239 -0.262011
5.06147 33.827 -12.7791 0.223441 0.358697 0.95816 -0.115239 -0.262011
5.06147 33.0327 -12.4217 0.223441 0.373301 2e-06 -0.374832 -0.927093
4.8198 33.269 -12.5172 0.219676 0.369612 2e-06 -0.374832 -0.927093
5.06147 33.269 -12.5172 0.223441 0.369612 2e-06 -0.374832 -0.927093
4.8198 33.0327 -12.4217 0.219676 0.373301 2e-06 -0.374832 -0.927093
4.8198 33.269 -12.5172 0.219676 0.369612 2e-06 -0.374832 -0.927093
5.06147 33.0327 -12.4217 0.223441 0.373301 2e-06 -0.374832 -0.927093
1.55702 37.6307 -11.934 0.167347 0.303942 0 0.999957 -0.009286
2.70659 37.626 -12.4367 0.188132 0.307472 0 0.999957 -0.009286
1.33513 37.626 -12.4367 0.164845 0.307472 0 0.999957 -0.009286
2.48813 37.6307 -11.934 0.185624 0.303942 0 0.999957 -0.009286
2.70659 37.626 -12.4367 0.188132 0.307472 0 0.999957 -0.009286
1.55702 37.6307 -11.934 0.167347 0.303942 0 0.999957 -0.009286
2.70659 33.0327 -12.4217 0.188132 0.373301 -0 -0.917306 -0.398183
1.55702 32.8224 -11.9372 0.167347 0.378772 -0 -0.917306 -0.398183
1.33513 33.0327 -12.4217 0.164845 0.373301 -0 -0.917306 -0.398183
2.48813 32.8224 -11.9372 0.185624 0.378772 -0 -0.917306 -0.398183
1.55702 32.8224 -11.9372 0.167347 0.378772 -0 -0.917306 -0.398183
2.70659 33.0327 -12.4217 0.188132 0.373301 -0 -0.917306 -0.398183
2.70659 37.626 -12.4367 0.188132 0.307472 -0 0.537279 -0.843405
1.33513 37.433 -12.5596 0.164845 0.310488 -0 0.537279 -0.843405
1.33513 37.626 -12.4367 0.164845 0.307472 -0 0.537279 -0.843405
2.70659 37.433 -12.5596 0.188132 0.310488 -0 0.537279 -0.843405
1.33513 37.433 -12.5596 0.164845 0.310488 -0 0.537279 -0.843405
2.70659 37.626 -12.4367 0.188132 0.307472 -0 0.537279 -0.843405
0.710503 34.9436 -14.076 0.157886 0.345338 1e-06 0.520238 -0.854021
1.33513 37.433 -12.5596 0.164845 0.310488 1e-06 0.520238 -0.854021
1.33513 34.9436 -14.076 0.164857 0.345338 1e-06 0.520238 -0.854021
0.710503 37.433 -12.5596 0.157801 0.310488 1e-06 0.520238 -0.854021
1.33513 37.433 -12.5596 0.164845 0.310488 1e-06 0.520238 -0.854021
0.710503 34.9436 -14.076 0.157886 0.345338 1e-06 0.520238 -0.854021
0.710503 33.0327 -12.4217 0.157801 0.373301 -1e-06 -0.374832 -0.927093
1.33513 33.269 -12.5172 0.164845 0.369612 -1e-06 -0.374832 -0.927093
1.33513 33.0327 -12.4217 0.164845 0.373301 -1e-06 -0.374832 -0.927093
0.710503 33.269 -12.5172 0.157801 0.369612 -1e-06 -0.374832 -0.927093
1.33513 33.269 -12.5172 0.164845 0.369612 -1e-06 -0.374832 -0.927093
0.710503 33.0327 -12.4217 0.157801 0.373301 -1e-06 -0.374832 -0.927093
1.33513 33.0327 -12.4217 0.164845 0.373301 -0 -0.374832 -0.927093
2.70659 33.269 -12.5172 0.188132 0.369612 -0 -0.374832 -0.927093
2.70659 33.0327 -12.4217 0.188132 0.373301 -0 -0.374832 -0.927093
1.33513 33.269 -12.5172 0.164845 0.369612 -0 -0.374832 -0.927093
2.70659 33.269 -12.5172 0.188132 0.369612 -0 -0.374832 -0.927093
1.33513 33.0327 -12.4217 0.164845 0.373301 -0 -0.374832 -0.927093
3.37702 33.827 -12.7791 0.195828 0.358697 0 -0.42492 -0.905231
2.70659 33.269 -12.5172 0.188132 0.369612 0 -0.42492 -0.905231
2.70659 33.827 -12.7791 0.188132 0.358697 0 -0.42492 -0.905231
3.37702 33.269 -12.5172 0.195828 0.369612 0 -0.42492 -0.905231
2.70659 33.269 -12.5172 0.188132 0.369612 0 -0.42492 -0.905231
3.37702 33.827 -12.7791 0.195828 0.358697 0 -0.42492 -0.905231
3.37702 34.9436 -14.076 0.195846 0.345338 0 -0.757823 -0.652461
2.70659 33.827 -12.7791 0.188132 0.358697 0 -0.757823 -0.652461
2.70659 34.9436 -14.076 0.188161 0.345338 0 -0.757823 -0.652461
3.37702 33.827 -12.7791 0.195828 0.358697 0 -0.757823 -0.652461
2.70659 33.827 -12.7791 0.188132 0.358697 0 -0.757823 -0.652461
3.37702 34.9436 -14.076 0.195846 0.345338 0 -0.757823 -0.652461
2.70659 37.433 -12.5596 0.188132 0.310488 1e-06 0.520238 -0.854021
3.37702 34.9436 -14.076 0.195846 0.345338 1e-06 0.520238 -0.854021
2.70659 34.9436 -14.076 0.188161 0.345338 1e-06 0.520238 -0.854021
3.37702 37.433 -12.5596 0.195828 0.310488 1e-06 0.520238 -0.854021
3.37702 34.9436 -14.076 0.195846 0.345338 1e-06 0.520238 -0.854021
2.70659 37.433 -12.5596 0.188132 0.310488 1e-06 0.520238 -0.854021
3.59548 37.6307 -11.934 0.198337 0.303942 0 0.999957 -0.009286
2.70659 37.626 -12.4367 0.188132 0.307472 0 0.999957 -0.009286
2.48813 37.6307 -11.934 0.185624 0.303942 0 0.999957 -0.009286
3.37702 37.626 -12.4367 0.195828 0.307472 0 0.999957 -0.009286
2.70659 37.626 -12.4367 0.188132 0.307472 0 0.999957 -0.009286
3.59548 37.6307 -11.934 0.198337 0.303942 0 0.999957 -0.009286
3.37702 33.0327 -12.4217 0.195828 0.373301 -0 -0.917306 -0.398183
2.48813 32.8224 -11.9372 0.185624 0.378772 -0 -0.917306 -0.398183
2.70659 33.0327 -12.4217 0.188132 0.373301 -0 -0.917306 -0.398183
3.59548 32.8224 -11.9372 0.198337 0.378772 -0 -0.917306 -0.398183
2.48813 32.8224 -11.9372 0.185624 0.378772 -0 -0.917306 -0.398183
3.37702 33.0327 -12.4217 0.195828 0.373301 -0 -0.917306 -0.398183
3.37702 37.626 -12.4367 0.195828 0.307472 -0 0.537279 -0.843405
2.70659 37.433 -12.5596 0.188132 0.310488 -0 0.537279 -0.843405
2.70659 37.626 -12.4367 0.188132 0.307472 -0 0.537279 -0.843405
3.37702 37.433 -12.5596 0.195828 0.310488 -0 0.537279 -0.843405
2.70659 37.433 -12.5596 0.188132 0.310488 -0 0.537279 -0.843405
3.37702 37.626 -12.4367 0.195828 0.307472 -0 0.537279 -0.843405
2.70659 33.0327 -12.4217 0.188132 0.373301 -1e-06 -0.374832 -0.927093
3.37702 33.269 -12.5172 0.195828 0.369612 -1e-06 -0.374832 -0.927093
3.37702 33.0327 -12.4217 0.195828 0.373301 -1e-06 -0.374832 -0.927093
2.70659 33.269 -12.5172 0.188132 0.369612 -1e-06 -0.374832 -0.927093
3.37702 33.269 -12.5172 0.195828 0.369612 -1e-06 -0.374832 -0.927093
2.70659 33.0327 -12.4217 0.188132 0.373301 -1e-06 -0.374832 -0.927093
3.59548 37.6307 -11.934 0.198337 0.303942 0 0.999957 -0.009286
4.8198 37.626 -12.4367 0.219676 0.307472 0 0.999957 -0.009286
3.37702 37.626 -12.4367 0.195828 0.307472 0 0.999957 -0.009286
4.60893 37.6307 -11.934 0.216392 0.303942 0 0.999957 -0.009286
4.8198 37.626 -12.4367 0.219676 0.307472 0 0.999957 -0.009286
3.59548 37.6307 -11.934 0.198337 0.303942 0 0.999957 -0.009286
4.8198 33.0327 -12.4217 0.219676 0.373301 -0 -0.917306 -0.398183
3.59548 32.8224 -11.9372 0.198337 0.378772 -0 -0.917306 -0.398183
3.37702 33.0327 -12.4217 0.195828 0.373301 -0 -0.917306 -0.398183
4.8198 32.8224 -11.9372 0.219676 0.378772 -0 -0.917306 -0.398183
3.59548 32.8224 -11.9372 0.198337 0.378772 -0 -0.917306 -0.398183
4.8198 33.0327 -12.4217 0.219676 0.373301 -0 -0.917306 -0.398183
4.8198 37.626 -12.4367 0.219676 0.307472 -0 0.537279 -0.843404
3.37702 37.433 -12.5596 0.195828 0.310488 -0 0.537279 -0.843404
3.37702 37.626 -12.4367 0.195828 0.307472 -0 0.537279 -0.843404
4.8198 37.433 -12.5596 0.219676 0.310488 -0 0.537279 -0.843404
3.37702 37.433 -12.5596 0.195828 0.310488 -0 0.537279 -0.843404
4.8198 37.626 -12.4367 0.219676 0.307472 -0 0.537279 -0.843404
3.37702 33.0327 -12.4217 0.195828 0.373301 -0 -0.374832 -0.927093
4.8198 33.269 -12.5172 0.219676 0.369612 -0 -0.374832 -0.927093
4.8198 33.0327 -12.4217 0.219676 0.373301 -0 -0.374832 -0.927093
3.37702 33.269 -12.5172 0.195828 0.369612 -0 -0.374832 -0.927093
4.8198 33.269 -12.5172 0.219676 0.369612 -0 -0.374832 -0.927093
3.37702 33.0327 -12.4217 0.195828 0.373301 -0 -0.374832 -0.927093
5.06147 33.827 -12.7791 0.223441 0.358697 1e-06 -0.42492 -0.905231
4.8198 33.269 -12.5172 0.219676 0.369612 1e-06 -0.42492 -0.905231
4.8198 33.827 -12.7791 0.219676 0.358697 1e-06 -0.42492 -0.905231
5.06147 33.269 -12.5172 0.223441 0.369612 1e-06 -0.42492 -0.905231
4.8198 33.269 -12.5172 0.219676 0.369612 1e-06 -0.42492 -0.905231
5.06147 33.827 -12.7791 0.223441 0.358697 1e-06 -0.42492 -0.905231
5.17735 37.6307 -11.934 0.225246 0.303942 0 0.999957 -0.009286
4.8198 37.626 -12.4367 0.219676 0.307472 0 0.999957 -0.009286
4.60893 37.6307 -11.934 0.216392 0.303942 0 0.999957 -0.009286
5.06147 37.626 -12.4367 0.223441 0.307472 0 0.999957 -0.009286
4.8198 37.626 -12.4367 0.219676 0.307472 0 0.999957 -0.009286
5.17735 37.6307 -11.934 0.225246 0.303942 0 0.999957 -0.009286
5.06147 33.0327 -12.4217 0.223441 0.373301 -1e-06 -0.917306 -0.398182
4.8198 32.8224 -11.9372 0.219676 0.378772 -1e-06 -0.917306 -0.398182
4.8198 33.0327 -12.4217 0.219676 0.373301 -1e-06 -0.917306 -0.398182
5.17735 32.8224 -11.9372 0.225246 0.378772 -1e-06 -0.917306 -0.398182
4.8198 32.8224 -11.9372 0.219676 0.378772 -1e-06 -0.917306 -0.398182
5.06147 33.0327 -12.4217 0.223441 0.373301 -1e-06 -0.917306 -0.398182
5.06147 37.626 -12.4367 0.223441 0.307472 -1e-06 0.537279 -0.843405
4.8198 37.433 -12.5596 0.219676 0.310488 -1e-06 0.537279 -0.843405
4.8198 37.626 -12.4367 0.219676 0.307472 -1e-06 0.537279 -0.843405
5.06147 37.433 -12.5596 0.223441 0.310488 -1e-06 0.537279 -0.843405
4.8198 37.433 -12.5596 0.219676 0.310488 -1e-06 0.537279 -0.843405
5.06147 37.626 -12.4367 0.223441 0.307472 -1e-06 0.537279 -0.843405
5.06147 34.9436 -14.076 0.223293 0.345338 1e-06 -0.757822 -0.652461
4.8198 33.827 -12.7791 0.219676 0.358697 1e-06 -0.757822 -0.652461
4.8198 34.9436 -14.076 0.219603 0.345338 1e-06 -0.757822 -0.652461
5.06147 33.827 -12.7791 0.223441 0.358697 1e-06 -0.757822 -0.652461
4.8198 33.827 -12.7791 0.219676 0.358697 1e-06 -0.757822 -0.652461
5.06147 34.9436 -14.076 0.223293 0.345338 1e-06 -0.757822 -0.652461
0 33.269 -12.5172 0.144597 0.369612 -1e-06 0.687655 -0.726037
0.488615 33.5243 -12.2753 0.155298 0.367515 -1e-06 0.687655 -0.726037
0.710503 33.269 -12.5172 0.157801 0.369612 -1e-06 0.687655 -0.726037
0 33.5243 -12.2753 0.144597 0.367515 -1e-06 0.687655 -0.726037
0.488615 33.5243 -12.2753 0.155298 0.367515 -1e-06 0.687655 -0.726037
0 33.269 -12.5172 0.144597 0.369612 -1e-06 0.687655 -0.726037
0.488615 33.5243 -12.2753 0.155298 0.367515 -0.831387 -0.231398 -0.505224
0.710503 33.827 -12.7791 0.157801 0.358697 -0.831387 -0.231398 -0.505224
0.710503 33.269 -12.5172 0.157801 0.369612 -0.831387 -0.231398 -0.505224
0.488616 33.9686 -12.4725 0.155298 0.360164 -0.831387 -0.231398 -0.505224
0.710503 33.827 -12.7791 0.157801 0.358697 -0.831387 -0.231398 -0.505224
0.488615 33.5243 -12.2753 0.155298 0.367515 -0.831387 -0.231398 -0.505224
0.710503 33.827 -12.7791 0.157801 0.358697 -0.806828 -0.44861 -0.384419
0.488616 34.962 -13.6379 0.155209 0.345338 -0.806828 -0.44861 -0.384419
0.710503 34.9436 -14.076 0.157886 0.345338 -0.806828 -0.44861 -0.384419
0.488616 33.9686 -12.4725 0.155298 0.360164 -0.806828 -0.44861 -0.384419
0.488616 34.962 -13.6379 0.155209 0.345338 -0.806828 -0.44861 -0.384419
0.710503 33.827 -12.7791 0.157801 0.358697 -0.806828 -0.44861 -0.384419
0.488616 34.962 -13.6379 0.155209 0.345338 -0.854286 0.270437 -0.443913
0.710503 37.433 -12.5596 0.157801 0.310488 -0.854286 0.270437 -0.443913
0.710503 34.9436 -14.076 0.157886 0.345338 -0.854286 0.270437 -0.443913
0.488615 37.1429 -12.3093 0.155298 0.312014 -0.854286 0.270437 -0.443913
0.710503 37.433 -12.5596 0.157801 0.310488 -0.854286 0.270437 -0.443913
0.488616 34.962 -13.6379 0.155209 0.345338 -0.854286 0.270437 -0.443913
0.488615 37.1429 -12.3093 0.155298 0.312014 -0 -0.653208 -0.757178
0 37.433 -12.5596 0.144597 0.310488 -0 -0.653208 -0.757178
0.710503 37.433 -12.5596 0.157801 0.310488 -0 -0.653208 -0.757178
0 37.1429 -12.3093 0.144597 0.312014 -0 -0.653208 -0.757178
0 37.433 -12.5596 0.144597 0.310488 -0 -0.653208 -0.757178
0.488615 37.1429 -12.3093 0.155298 0.312014 -0 -0.653208 -0.757178
1.33513 33.827 -12.7791 0.164845 0.358697 0.831383 -0.2314 -0.505228
1.55702 33.5243 -12.2753 0.167347 0.367515 0.831383 -0.2314 -0.505228
1.33513 33.269 -12.5172 0.164845 0.369612 0.831383 -0.2314 -0.505228
1.55702 33.9686 -12.4725 0.167347 0.360164 0.831383 -0.2314 -0.505228
1.55702 33.5243 -12.2753 0.167347 0.367515 0.831383 -0.2314 -0.505228
1.33513 33.827 -12.7791 0.164845 0.358697 0.831383 -0.2314 -0.505228
1.55702 33.5243 -12.2753 0.167347 0.367515 0 0.687655 -0.726037
2.70659 33.269 -12.5172 0.188132 0.369612 0 0.687655 -0.726037
1.33513 33.269 -12.5172 0.164845 0.369612 0 0.687655 -0.726037
2.48813 33.5243 -12.2753 0.185624 0.367515 0 0.687655 -0.726037
2.70659 33.269 -12.5172 0.188132 0.369612 0 0.687655 -0.726037
1.55702 33.5243 -12.2753 0.167347 0.367515 0 0.687655 -0.726037
2.48813 33.5243 -12.2753 0.185624 0.367515 -0.835339 -0.228917 -0.499806
2.70659 33.827 -12.7791 0.188132 0.358697 -0.835339 -0.228917 -0.499806
2.70659 33.269 -12.5172 0.188132 0.369612 -0.835339 -0.228917 -0.499806
2.48813 33.9686 -12.4725 0.185624 0.360164 -0.835339 -0.228917 -0.499806
2.70659 33.827 -12.7791 0.188132 0.358697 -0.835339 -0.228917 -0.499806
2.48813 33.5243 -12.2753 0.185624 0.367515 -0.835339 -0.228917 -0.499806
2.70659 33.827 -12.7791 0.188132 0.358697 -0.811167 -0.444075 -0.380533
2.48813 34.962 -13.638 0.185628 0.345338 -0.811167 -0.444075 -0.380533
2.70659 34.9436 -14.076 0.188161 0.345338 -0.811167 -0.444075 -0.380533
2.48813 33.9686 -12.4725 0.185624 0.360164 -0.811167 -0.444075 -0.380533
2.48813 34.962 -13.638 0.185628 0.345338 -0.811167 -0.444075 -0.380533
2.70659 33.827 -12.7791 0.188132 0.358697 -0.811167 -0.444075 -0.380533
2.48813 34.962 -13.638 0.185628 0.345338 -0.857839 0.267376 -0.438888
2.70659 37.433 -12.5596 0.188132 0.310488 -0.857839 0.267376 -0.438888
2.70659 34.9436 -14.076 0.188161 0.345338 -0.857839 0.267376 -0.438888
2.48813 37.1428 -12.3093 0.185624 0.312015 -0.857839 0.267376 -0.438888
2.70659 37.433 -12.5596 0.188132 0.310488 -0.857839 0.267376 -0.438888
2.48813 34.962 -13.638 0.185628 0.345338 -0.857839 0.267376 -0.438888
2.70659 37.433 -12.5596 0.188132 0.310488 0 -0.653198 -0.757187
1.55702 37.1428 -12.3093 0.167347 0.312015 0 -0.653198 -0.757187
1.33513 37.433 -12.5596 0.164845 0.310488 0 -0.653198 -0.757187
2.48813 37.1428 -12.3093 0.185624 0.312015 0 -0.653198 -0.757187
1.55702 37.1428 -12.3093 0.167347 0.312015 0 -0.653198 -0.757187
2.70659 37.433 -12.5596 0.188132 0.310488 0 -0.653198 -0.757187
1.33513 37.433 -12.5596 0.164845 0.310488 0.854286 0.270438 -0.443914
1.55702 34.962 -13.638 0.16748 0.345338 0.854286 0.270438 -0.443914
1.33513 34.9436 -14.076 0.164857 0.345338 0.854286 0.270438 -0.443914
1.55702 37.1428 -12.3093 0.167347 0.312015 0.854286 0.270438 -0.443914
1.55702 34.962 -13.638 0.16748 0.345338 0.854286 0.270438 -0.443914
1.33513 37.433 -12.5596 0.164845 0.310488 0.854286 0.270438 -0.443914
1.55702 34.962 -13.638 0.16748 0.345338 0.806823 -0.448615 -0.384423
1.33513 33.827 -12.7791 0.164845 0.358697 0.806823 -0.448615 -0.384423
1.33513 34.9436 -14.076 0.164857 0.345338 0.806823 -0.448615 -0.384423
1.55702 33.9686 -12.4725 0.167347 0.360164 0.806823 -0.448615 -0.384423
1.33513 33.827 -12.7791 0.164845 0.358697 0.806823 -0.448615 -0.384423
1.55702 34.962 -13.638 0.16748 0.345338 0.806823 -0.448615 -0.384423
3.59549 34.962 -13.6379 0.198387 0.345338 0.81117 -0.444072 -0.380531
3.37702 33.827 -12.7791 0.195828 0.358697 0.81117 -0.444072 -0.380531
3.37702 34.9436 -14.076 0.195846 0.345338 0.81117 -0.444072 -0.380531
3.59549 33.9686 -12.4725 0.198337 0.360164 0.81117 -0.444072 -0.380531
3.37702 33.827 -12.7791 0.195828 0.358697 0.81117 -0.444072 -0.380531
3.59549 34.962 -13.6379 0.198387 0.345338 0.81117 -0.444072 -0.380531
3.37702 33.827 -12.7791 0.195828 0.358697 0.83534 -0.228916 -0.499805
3.59549 33.5243 -12.2753 0.198337 0.367515 0.83534 -0.228916 -0.499805
3.37702 33.269 -12.5172 0.195828 0.369612 0.83534 -0.228916 -0.499805
3.59549 33.9686 -12.4725 0.198337 0.360164 0.83534 -0.228916 -0.499805
3.59549 33.5243 -12.2753 0.198337 0.367515 0.83534 -0.228916 -0.499805
3.37702 33.827 -12.7791 0.195828 0.358697 0.83534 -0.228916 -0.499805
3.59549 33.5243 -12.2753 0.198337 0.367515 -1e-06 0.68765 -0.726042
4.8198 33.269 -12.5172 0.219676 0.369612 -1e-06 0.68765 -0.726042
3.37702 33.269 -12.5172 0.195828 0.369612 -1e-06 0.68765 -0.726042
4.60893 33.5243 -12.2753 0.216392 0.367515 -1e-06 0.68765 -0.726042
4.8198 33.269 -12.5172 0.219676 0.369612 -1e-06 0.68765 -0.726042
3.59549 33.5243 -12.2753 0.198337 0.367515 -1e-06 0.68765 -0.726042
4.60893 33.5243 -12.2753 0.216392 0.367515 -0.8441 -0.223275 -0.487488
4.8198 33.827 -12.7791 0.219676 0.358697 -0.8441 -0.223275 -0.487488
4.8198 33.269 -12.5172 0.219676 0.369612 -0.8441 -0.223275 -0.487488
4.60893 33.9686 -12.4725 0.216392 0.360164 -0.8441 -0.223275 -0.487488
4.8198 33.827 -12.7791 0.219676 0.358697 -0.8441 -0.223275 -0.487488
4.60893 33.5243 -12.2753 0.216392 0.367515 -0.8441 -0.223275 -0.487488
4.8198 33.827 -12.7791 0.219676 0.358697 -0.820814 -0.433733 -0.371671
4.60893 34.962 -13.638 0.216747 0.345338 -0.820814 -0.433733 -0.371671
4.8198 34.9436 -14.076 0.219603 0.345338 -0.820814 -0.433733 -0.371671
4.60893 33.9686 -12.4725 0.216392 0.360164 -0.820814 -0.433733 -0.371671
4.60893 34.962 -13.638 0.216747 0.345338 -0.820814 -0.433733 -0.371671
4.8198 33.827 -12.7791 0.219676 0.358697 -0.820814 -0.433733 -0.371671
4.60893 34.962 -13.638 0.216747 0.345338 -0.865684 0.260442 -0.427506
4.8198 37.433 -12.5596 0.219676 0.310488 -0.865684 0.260442 -0.427506
4.8198 34.9436 -14.076 0.219603 0.345338 -0.865684 0.260442 -0.427506
4.60893 37.1429 -12.3093 0.216392 0.312014 -0.865684 0.260442 -0.427506
4.8198 37.433 -12.5596 0.219676 0.310488 -0.865684 0.260442 -0.427506
4.60893 34.962 -13.638 0.216747 0.345338 -0.865684 0.260442 -0.427506
4.8198 37.433 -12.5596 0.219676 0.310488 -1e-06 -0.653207 -0.75718
3.59549 37.1429 -12.3093 0.198337 0.312014 -1e-06 -0.653207 -0.75718
3.37702 37.433 -12.5596 0.195828 0.310488 -1e-06 -0.653207 -0.75718
4.60893 37.1429 -12.3093 0.216392 0.312014 -1e-06 -0.653207 -0.75718
3.59549 37.1429 -12.3093 0.198337 0.312014 -1e-06 -0.653207 -0.75718
4.8198 37.433 -12.5596 0.219676 0.310488 -1e-06 -0.653207 -0.75718
3.37702 37.433 -12.5596 0.195828 0.310488 0.857839 0.267375 -0.438887
3.59549 34.962 -13.6379 0.198387 0.345338 0.857839 0.267375 -0.438887
3.37702 34.9436 -14.076 0.195846 0.345338 0.857839 0.267375 -0.438887
3.59549 37.1429 -12.3093 0.198337 0.312014 0.857839 0.267375 -0.438887
3.59549 34.962 -13.6379 0.198387 0.345338 0.857839 0.267375 -0.438887
3.37702 37.433 -12.5596 0.195828 0.310488 0.857839 0.267375 -0.438887
-0.710503 33.0327 -12.4217 0.157801 0.373301 1e-06 -0.374832 -0.927093
0 33.269 -12.5172 0.144597 0.369612 1e-06 -0.374832 -0.927093
-0 33.0327 -12.4217 0.144593 0.373301 1e-06 -0.374832 -0.927093
-0.710503 33.269 -12.5172 0.157801 0.369612 1e-06 -0.374832 -0.927093
0 33.269 -12.5172 0.144597 0.369612 1e-06 -0.374832 -0.927093
-0.710503 33.0327 -12.4217 0.157801 0.373301 1e-06 -0.374832 -0.927093
0 37.626 -12.4367 0.144597 0.307472 0 0.999957 -0.009286
-0.488615 37.6307 -11.934 0.155298 0.303942 0 0.999957 -0.009286
0 37.6307 -11.934 0.144597 0.303942 0 0.999957 -0.009286
-0.710503 37.626 -12.4367 0.157801 0.307472 0 0.999957 -0.009286
-0.488615 37.6307 -11.934 0.155298 0.303942 0 0.999957 -0.009286
0 37.626 -12.4367 0.144597 0.307472 0 0.999957 -0.009286
-0.488615 32.8224 -11.9372 0.155298 0.378772 -1e-06 -0.917306 -0.398183
-0 33.0327 -12.4217 0.144593 0.373301 -1e-06 -0.917306 -0.398183
-0 32.8224 -11.9372 0.144597 0.378772 -1e-06 -0.917306 -0.398183
-0.710503 33.0327 -12.4217 0.157801 0.373301 -1e-06 -0.917306 -0.398183
-0 33.0327 -12.4217 0.144593 0.373301 -1e-06 -0.917306 -0.398183
-0.488615 32.8224 -11.9372 0.155298 0.378772 -1e-06 -0.917306 -0.398183
-5.06147 33.0327 -12.4217 0.223441 0.373301 -0.954059 -0.112891 -0.277536
-5.17735 33.5559 -12.2361 0.225246 0.367307 -0.954059 -0.112891 -0.277536
-5.06147 33.269 -12.5172 0.223441 0.369612 -0.954059 -0.112891 -0.277536
-5.17735 32.8224 -11.9372 0.225246 0.378772 -0.954059 -0.112891 -0.277536
-5.17735 33.5559 -12.2361 0.225246 0.367307 -0.954059 -0.112891 -0.277536
-5.06147 33.0327 -12.4217 0.223441 0.373301 -0.954059 -0.112891 -0.277536
-5.17735 34.9483 -13.5734 0.225246 0.34539 -0.96523 0.136078 -0.22319
-5.06147 37.433 -12.5596 0.223441 0.310488 -0.96523 0.136078 -0.22319
-5.06147 34.9436 -14.076 0.223293 0.345338 -0.96523 0.136078 -0.22319
-5.17735 37.1105 -12.2538 0.225246 0.311995 -0.96523 0.136078 -0.22319
-5.06147 37.433 -12.5596 0.223441 0.310488 -0.96523 0.136078 -0.22319
-5.17735 34.9483 -13.5734 0.225246 0.34539 -0.96523 0.136078 -0.22319
-5.06147 33.827 -12.7791 0.223441 0.358697 -0.94811 -0.243119 -0.20489
-5.17735 34.9483 -13.5734 0.225246 0.34539 -0.94811 -0.243119 -0.20489
-5.06147 34.9436 -14.076 0.223293 0.345338 -0.94811 -0.243119 -0.20489
-5.17735 33.993 -12.4119 0.225246 0.360487 -0.94811 -0.243119 -0.20489
-5.17735 34.9483 -13.5734 0.225246 0.34539 -0.94811 -0.243119 -0.20489
-5.06147 33.827 -12.7791 0.223441 0.358697 -0.94811 -0.243119 -0.20489
-0.710503 33.269 -12.5172 0.157801 0.369612 -0 -0.42492 -0.905231
-1.33513 33.827 -12.7791 0.164845 0.358697 -0 -0.42492 -0.905231
-0.710503 33.827 -12.7791 0.157801 0.358697 -0 -0.42492 -0.905231
-1.33513 33.269 -12.5172 0.164845 0.369612 -0 -0.42492 -0.905231
-1.33513 33.827 -12.7791 0.164845 0.358697 -0 -0.42492 -0.905231
-0.710503 33.269 -12.5172 0.157801 0.369612 -0 -0.42492 -0.905231
-0.710503 37.626 -12.4367 0.157801 0.307472 0 0.999957 -0.009286
-1.55702 37.6307 -11.934 0.167347 0.303942 0 0.999957 -0.009286
-0.488615 37.6307 -11.934 0.155298 0.303942 0 0.999957 -0.009286
-1.33513 37.626 -12.4367 0.164845 0.307472 0 0.999957 -0.009286
-1.55702 37.6307 -11.934 0.167347 0.303942 0 0.999957 -0.009286
-0.710503 37.626 -12.4367 0.157801 0.307472 0 0.999957 -0.009286
-0.488615 32.8224 -11.9372 0.155298 0.378772 0 -0.917306 -0.398182
-1.33513 33.0327 -12.4217 0.164845 0.373301 0 -0.917306 -0.398182
-0.710503 33.0327 -12.4217 0.157801 0.373301 0 -0.917306 -0.398182
-1.55702 32.8224 -11.9372 0.167347 0.378772 0 -0.917306 -0.398182
-1.33513 33.0327 -12.4217 0.164845 0.373301 0 -0.917306 -0.398182
-0.488615 32.8224 -11.9372 0.155298 0.378772 0 -0.917306 -0.398182
-0.710503 37.433 -12.5596 0.157801 0.310488 0 0.537279 -0.843404
-1.33513 37.626 -12.4367 0.164845 0.307472 0 0.537279 -0.843404
-0.710503 37.626 -12.4367 0.157801 0.307472 0 0.537279 -0.843404
-1.33513 37.433 -12.5596 0.164845 0.310488 0 0.537279 -0.843404
-1.33513 37.626 -12.4367 0.164845 0.307472 0 0.537279 -0.843404
-0.710503 37.433 -12.5596 0.157801 0.310488 0 0.537279 -0.843404
-0.710503 33.827 -12.7791 0.157801 0.358697 -0 -0.757823 -0.652461
-1.33513 34.9436 -14.076 0.164857 0.345338 -0 -0.757823 -0.652461
-0.710503 34.9436 -14.076 0.157886 0.345338 -0 -0.757823 -0.652461
-1.33513 33.827 -12.7791 0.164845 0.358697 -0 -0.757823 -0.652461
-1.33513 34.9436 -14.076 0.164857 0.345338 -0 -0.757823 -0.652461
-0.710503 33.827 -12.7791 0.157801 0.358697 -0 -0.757823 -0.652461
-0.710503 37.433 -12.5596 0.157801 0.310488 -0 0.537279 -0.843405
0 37.626 -12.4367 0.144597 0.307472 -0 0.537279 -0.843405
0 37.433 -12.5596 0.144597 0.310488 -0 0.537279 -0.843405
-0.710503 37.626 -12.4367 0.157801 0.307472 -0 0.537279 -0.843405
0 37.626 -12.4367 0.144597 0.307472 -0 0.537279 -0.843405
-0.710503 37.433 -12.5596 0.157801 0.310488 -0 0.537279 -0.843405
-5.17735 37.1105 -12.2538 0.225246 0.311995 -0.965136 0.138048 -0.222387
-5.06147 37.626 -12.4367 0.223441 0.307472 -0.965136 0.138048 -0.222387
-5.06147 37.433 -12.5596 0.223441 0.310488 -0.965136 0.138048 -0.222387
-5.17735 37.6307 -11.934 0.225246 0.303942 -0.965136 0.138048 -0.222387
-5.06147 37.626 -12.4367 0.223441 0.307472 -0.965136 0.138048 -0.222387
-5.17735 37.1105 -12.2538 0.225246 0.311995 -0.965136 0.138048 -0.222387
-4.8198 37.433 -12.5596 0.219676 0.310488 2e-06 0.520238 -0.854021
-5.06147 34.9436 -14.076 0.223293 0.345338 2e-06 0.520238 -0.854021
-5.06147 37.433 -12.5596 0.223441 0.310488 2e-06 0.520238 -0.854021
-4.8198 34.9436 -14.076 0.219603 0.345338 2e-06 0.520238 -0.854021
-5.06147 34.9436 -14.076 0.223293 0.345338 2e-06 0.520238 -0.854021
-4.8198 37.433 -12.5596 0.219676 0.310488 2e-06 0.520238 -0.854021
-5.17735 33.5559 -12.2361 0.225246 0.367307 -0.95816 -0.115239 -0.262011
-5.06147 33.827 -12.7791 0.223441 0.358697 -0.95816 -0.115239 -0.262011
-5.06147 33.269 -12.5172 0.223441 0.369612 -0.95816 -0.115239 -0.262011
-5.17735 33.993 -12.4119 0.225246 0.360487 -0.95816 -0.115239 -0.262011
-5.06147 33.827 -12.7791 0.223441 0.358697 -0.95816 -0.115239 -0.262011
-5.17735 33.5559 -12.2361 0.225246 0.367307 -0.95816 -0.115239 -0.262011
-4.8198 33.269 -12.5172 0.219676 0.369612 -2e-06 -0.374832 -0.927093
-5.06147 33.0327 -12.4217 0.223441 0.373301 -2e-06 -0.374832 -0.927093
-5.06147 33.269 -12.5172 0.223441 0.369612 -2e-06 -0.374832 -0.927093
-4.8198 33.0327 -12.4217 0.219676 0.373301 -2e-06 -0.374832 -0.927093
-5.06147 33.0327 -12.4217 0.223441 0.373301 -2e-06 -0.374832 -0.927093
-4.8198 33.269 -12.5172 0.219676 0.369612 -2e-06 -0.374832 -0.927093
-1.55702 37.6307 -11.934 0.167347 0.303942 0 0.999957 -0.009286
-2.70659 37.626 -12.4367 0.188132 0.307472 0 0.999957 -0.009286
-2.48813 37.6307 -11.934 0.185624 0.303942 0 0.999957 -0.009286
-1.33513 37.626 -12.4367 0.164845 0.307472 0 0.999957 -0.009286
-2.70659 37.626 -12.4367 0.188132 0.307472 0 0.999957 -0.009286
-1.55702 37.6307 -11.934 0.167347 0.303942 0 0.999957 -0.009286
-1.55702 32.8224 -11.9372 0.167347 0.378772 0 -0.917306 -0.398183
-2.70659 33.0327 -12.4217 0.188132 0.373301 0 -0.917306 -0.398183
-1.33513 33.0327 -12.4217 0.164845 0.373301 0 -0.917306 -0.398183
-2.48813 32.8224 -11.9372 0.185624 0.378772 0 -0.917306 -0.398183
-2.70659 33.0327 -12.4217 0.188132 0.373301 0 -0.917306 -0.398183
-1.55702 32.8224 -11.9372 0.167347 0.378772 0 -0.917306 -0.398183
-1.33513 37.433 -12.5596 0.164845 0.310488 0 0.537279 -0.843405
-2.70659 37.626 -12.4367 0.188132 0.307472 0 0.537279 -0.843405
-1.33513 37.626 -12.4367 0.164845 0.307472 0 0.537279 -0.843405
-2.70659 37.433 -12.5596 0.188132 0.310488 0 0.537279 -0.843405
-2.70659 37.626 -12.4367 0.188132 0.307472 0 0.537279 -0.843405
-1.33513 37.433 -12.5596 0.164845 0.310488 0 0.537279 -0.843405
-1.33513 37.433 -12.5596 0.164845 0.310488 -1e-06 0.520238 -0.854021
-0.710503 34.9436 -14.076 0.157886 0.345338 -1e-06 0.520238 -0.854021
-1.33513 34.9436 -14.076 0.164857 0.345338 -1e-06 0.520238 -0.854021
-0.710503 37.433 -12.5596 0.157801 0.310488 -1e-06 0.520238 -0.854021
-0.710503 34.9436 -14.076 0.157886 0.345338 -1e-06 0.520238 -0.854021
-1.33513 37.433 -12.5596 0.164845 0.310488 -1e-06 0.520238 -0.854021
-1.33513 33.269 -12.5172 0.164845 0.369612 1e-06 -0.374832 -0.927093
-0.710503 33.0327 -12.4217 0.157801 0.373301 1e-06 -0.374832 -0.927093
-1.33513 33.0327 -12.4217 0.164845 0.373301 1e-06 -0.374832 -0.927093
-0.710503 33.269 -12.5172 0.157801 0.369612 1e-06 -0.374832 -0.927093
-0.710503 33.0327 -12.4217 0.157801 0.373301 1e-06 -0.374832 -0.927093
-1.33513 33.269 -12.5172 0.164845 0.369612 1e-06 -0.374832 -0.927093
-2.70659 33.269 -12.5172 0.188132 0.369612 0 -0.374832 -0.927093
-1.33513 33.0327 -12.4217 0.164845 0.373301 0 -0.374832 -0.927093
-2.70659 33.0327 -12.4217 0.188132 0.373301 0 -0.374832 -0.927093
-1.33513 33.269 -12.5172 0.164845 0.369612 0 -0.374832 -0.927093
-1.33513 33.0327 -12.4217 0.164845 0.373301 0 -0.374832 -0.927093
-2.70659 33.269 -12.5172 0.188132 0.369612 0 -0.374832 -0.927093
-2.70659 33.269 -12.5172 0.188132 0.369612 -0 -0.42492 -0.905231
-3.37702 33.827 -12.7791 0.195828 0.358697 -0 -0.42492 -0.905231
-2.70659 33.827 -12.7791 0.188132 0.358697 -0 -0.42492 -0.905231
-3.37702 33.269 -12.5172 0.195828 0.369612 -0 -0.42492 -0.905231
-3.37702 33.827 -12.7791 0.195828 0.358697 -0 -0.42492 -0.905231
-2.70659 33.269 -12.5172 0.188132 0.369612 -0 -0.42492 -0.905231
-2.70659 33.827 -12.7791 0.188132 0.358697 -0 -0.757823 -0.652461
-3.37702 34.9436 -14.076 0.195846 0.345338 -0 -0.757823 -0.652461
-2.70659 34.9436 -14.076 0.188161 0.345338 -0 -0.757823 -0.652461
-3.37702 33.827 -12.7791 0.195828 0.358697 -0 -0.757823 -0.652461
-3.37702 34.9436 -14.076 0.195846 0.345338 -0 -0.757823 -0.652461
-2.70659 33.827 -12.7791 0.188132 0.358697 -0 -0.757823 -0.652461
-3.37702 34.9436 -14.076 0.195846 0.345338 -1e-06 0.520238 -0.854021
-2.70659 37.433 -12.5596 0.188132 0.310488 -1e-06 0.520238 -0.854021
-2.70659 34.9436 -14.076 0.188161 0.345338 -1e-06 0.520238 -0.854021
-3.37702 37.433 -12.5596 0.195828 0.310488 -1e-06 0.520238 -0.854021
-2.70659 37.433 -12.5596 0.188132 0.310488 -1e-06 0.520238 -0.854021
-3.37702 34.9436 -14.076 0.195846 0.345338 -1e-06 0.520238 -0.854021
-2.70659 37.626 -12.4367 0.188132 0.307472 -0 0.999957 -0.009286
-3.59548 37.6307 -11.934 0.198337 0.303942 -0 0.999957 -0.009286
-2.48813 37.6307 -11.934 0.185624 0.303942 -0 0.999957 -0.009286
-3.37702 37.626 -12.4367 0.195828 0.307472 -0 0.999957 -0.009286
-3.59548 37.6307 -11.934 0.198337 0.303942 -0 0.999957 -0.009286
-2.70659 37.626 -12.4367 0.188132 0.307472 -0 0.999957 -0.009286
-2.48813 32.8224 -11.9372 0.185624 0.378772 0 -0.917306 -0.398182
-3.37702 33.0327 -12.4217 0.195828 0.373301 0 -0.917306 -0.398182
-2.70659 33.0327 -12.4217 0.188132 0.373301 0 -0.917306 -0.398182
-3.59548 32.8224 -11.9372 0.198337 0.378772 0 -0.917306 -0.398182
-3.37702 33.0327 -12.4217 0.195828 0.373301 0 -0.917306 -0.398182
-2.48813 32.8224 -11.9372 0.185624 0.378772 0 -0.917306 -0.398182
-2.70659 37.433 -12.5596 0.188132 0.310488 0 0.537279 -0.843405
-3.37702 37.626 -12.4367 0.195828 0.307472 0 0.537279 -0.843405
-2.70659 37.626 -12.4367 0.188132 0.307472 0 0.537279 -0.843405
-3.37702 37.433 -12.5596 0.195828 0.310488 0 0.537279 -0.843405
-3.37702 37.626 -12.4367 0.195828 0.307472 0 0.537279 -0.843405
-2.70659 37.433 -12.5596 0.188132 0.310488 0 0.537279 -0.843405
-3.37702 33.269 -12.5172 0.195828 0.369612 1e-06 -0.374832 -0.927093
-2.70659 33.0327 -12.4217 0.188132 0.373301 1e-06 -0.374832 -0.927093
-3.37702 33.0327 -12.4217 0.195828 0.373301 1e-06 -0.374832 -0.927093
-2.70659 33.269 -12.5172 0.188132 0.369612 1e-06 -0.374832 -0.927093
-2.70659 33.0327 -12.4217 0.188132 0.373301 1e-06 -0.374832 -0.927093
-3.37702 33.269 -12.5172 0.195828 0.369612 1e-06 -0.374832 -0.927093
-3.59548 37.6307 -11.934 0.198337 0.303942 0 0.999957 -0.009286
-4.8198 37.626 -12.4367 0.219676 0.307472 0 0.999957 -0.009286
-4.60893 37.6307 -11.934 0.216392 0.303942 0 0.999957 -0.009286
-3.37702 37.626 -12.4367 0.195828 0.307472 0 0.999957 -0.009286
-4.8198 37.626 -12.4367 0.219676 0.307472 0 0.999957 -0.009286
-3.59548 37.6307 -11.934 0.198337 0.303942 0 0.999957 -0.009286
-3.59548 32.8224 -11.9372 0.198337 0.378772 0 -0.917306 -0.398183
-4.8198 33.0327 -12.4217 0.219676 0.373301 0 -0.917306 -0.398183
-3.37702 33.0327 -12.4217 0.195828 0.373301 0 -0.917306 -0.398183
-4.8198 32.8224 -11.9372 0.219676 0.378772 0 -0.917306 -0.398183
-4.8198 33.0327 -12.4217 0.219676 0.373301 0 -0.917306 -0.398183
-3.59548 32.8224 -11.9372 0.198337 0.378772 0 -0.917306 -0.398183
-3.37702 37.433 -12.5596 0.195828 0.310488 0 0.537279 -0.843405
-4.8198 37.626 -12.4367 0.219676 0.307472 0 0.537279 -0.843405
-3.37702 37.626 -12.4367 0.195828 0.307472 0 0.537279 -0.843405
-4.8198 37.433 -12.5596 0.219676 0.310488 0 0.537279 -0.843405
-4.8198 37.626 -12.4367 0.219676 0.307472 0 0.537279 -0.843405
-3.37702 37.433 -12.5596 0.195828 0.310488 0 0.537279 -0.843405
-4.8198 33.269 -12.5172 0.219676 0.369612 0 -0.374832 -0.927093
-3.37702 33.0327 -12.4217 0.195828 0.373301 0 -0.374832 -0.927093
-4.8198 33.0327 -12.4217 0.219676 0.373301 0 -0.374832 -0.927093
-3.37702 33.269 -12.5172 0.195828 0.369612 0 -0.374832 -0.927093
-3.37702 33.0327 -12.4217 0.195828 0.373301 0 -0.374832 -0.927093
-4.8198 33.269 -12.5172 0.219676 0.369612 0 -0.374832 -0.927093
-4.8198 33.269 -12.5172 0.219676 0.369612 -1e-06 -0.42492 -0.905231
-5.06147 33.827 -12.7791 0.223441 0.358697 -1e-06 -0.42492 -0.905231
-4.8198 33.827 -12.7791 0.219676 0.358697 -1e-06 -0.42492 -0.905231
-5.06147 33.269 -12.5172 0.223441 0.369612 -1e-06 -0.42492 -0.905231
-5.06147 33.827 -12.7791 0.223441 0.358697 -1e-06 -0.42492 -0.905231
-4.8198 33.269 -12.5172 0.219676 0.369612 -1e-06 -0.42492 -0.905231
-4.8198 37.626 -12.4367 0.219676 0.307472 -0 0.999957 -0.009286
-5.17735 37.6307 -11.934 0.225246 0.303942 -0 0.999957 -0.009286
-4.60893 37.6307 -11.934 0.216392 0.303942 -0 0.999957 -0.009286
-5.06147 37.626 -12.4367 0.223441 0.307472 -0 0.999957 -0.009286
-5.17735 37.6307 -11.934 0.225246 0.303942 -0 0.999957 -0.009286
-4.8198 37.626 -12.4367 0.219676 0.307472 -0 0.999957 -0.009286
-4.8198 32.8224 -11.9372 0.219676 0.378772 1e-06 -0.917306 -0.398182
-5.06147 33.0327 -12.4217 0.223441 0.373301 1e-06 -0.917306 -0.398182
-4.8198 33.0327 -12.4217 0.219676 0.373301 1e-06 -0.917306 -0.398182
-5.17735 32.8224 -11.9372 0.225246 0.378772 1e-06 -0.917306 -0.398182
-5.06147 33.0327 -12.4217 0.223441 0.373301 1e-06 -0.917306 -0.398182
-4.8198 32.8224 -11.9372 0.219676 0.378772 1e-06 -0.917306 -0.398182
-4.8198 37.433 -12.5596 0.219676 0.310488 1e-06 0.537279 -0.843405
-5.06147 37.626 -12.4367 0.223441 0.307472 1e-06 0.537279 -0.843405
-4.8198 37.626 -12.4367 0.219676 0.307472 1e-06 0.537279 -0.843405
-5.06147 37.433 -12.5596 0.223441 0.310488 1e-06 0.537279 -0.843405
-5.06147 37.626 -12.4367 0.223441 0.307472 1e-06 0.537279 -0.843405
-4.8198 37.433 -12.5596 0.219676 0.310488 1e-06 0.537279 -0.843405
-4.8198 33.827 -12.7791 0.219676 0.358697 -1e-06 -0.757822 -0.652461
-5.06147 34.9436 -14.076 0.223293 0.345338 -1e-06 -0.757822 -0.652461
-4.8198 34.9436 -14.076 0.219603 0.345338 -1e-06 -0.757822 -0.652461
-5.06147 33.827 -12.7791 0.223441 0.358697 -1e-06 -0.757822 -0.652461
-5.06147 34.9436 -14.076 0.223293 0.345338 -1e-06 -0.757822 -0.652461
-4.8198 33.827 -12.7791 0.219676 0.358697 -1e-06 -0.757822 -0.652461
0 33.269 -12.5172 0.144597 0.369612 1e-06 0.687655 -0.726037
-0.488615 33.5243 -12.2753 0.155298 0.367515 1e-06 0.687655 -0.726037
0 33.5243 -12.2753 0.144597 0.367515 1e-06 0.687655 -0.726037
-0.710503 33.269 -12.5172 0.157801 0.369612 1e-06 0.687655 -0.726037
-0.488615 33.5243 -12.2753 0.155298 0.367515 1e-06 0.687655 -0.726037
0 33.269 -12.5172 0.144597 0.369612 1e-06 0.687655 -0.726037
-0.710503 33.827 -12.7791 0.157801 0.358697 0.831387 -0.231398 -0.505224
-0.488615 33.5243 -12.2753 0.155298 0.367515 0.831387 -0.231398 -0.505224
-0.710503 33.269 -12.5172 0.157801 0.369612 0.831387 -0.231398 -0.505224
-0.488616 33.9686 -12.4725 0.155298 0.360164 0.831387 -0.231398 -0.505224
-0.488615 33.5243 -12.2753 0.155298 0.367515 0.831387 -0.231398 -0.505224
-0.710503 33.827 -12.7791 0.157801 0.358697 0.831387 -0.231398 -0.505224
-0.710503 33.827 -12.7791 0.157801 0.358697 0.806828 -0.44861 -0.384419
-0.488616 34.962 -13.6379 0.155209 0.345338 0.806828 -0.44861 -0.384419
-0.488616 33.9686 -12.4725 0.155298 0.360164 0.806828 -0.44861 -0.384419
-0.710503 34.9436 -14.076 0.157886 0.345338 0.806828 -0.44861 -0.384419
-0.488616 34.962 -13.6379 0.155209 0.345338 0.806828 -0.44861 -0.384419
-0.710503 33.827 -12.7791 0.157801 0.358697 0.806828 -0.44861 -0.384419
-0.710503 37.433 -12.5596 0.157801 0.310488 0.854286 0.270437 -0.443913
-0.488616 34.962 -13.6379 0.155209 0.345338 0.854286 0.270437 -0.443913
-0.710503 34.9436 -14.076 0.157886 0.345338 0.854286 0.270437 -0.443913
-0.488616 37.1429 -12.3092 0.155298 0.312014 0.854286 0.270437 -0.443913
-0.488616 34.962 -13.6379 0.155209 0.345338 0.854286 0.270437 -0.443913
-0.710503 37.433 -12.5596 0.157801 0.310488 0.854286 0.270437 -0.443913
0 37.433 -12.5596 0.144597 0.310488 0 -0.653208 -0.757178
-0.488616 37.1429 -12.3092 0.155298 0.312014 0 -0.653208 -0.757178
-0.710503 37.433 -12.5596 0.157801 0.310488 0 -0.653208 -0.757178
0 37.1429 -12.3093 0.144597 0.312014 0 -0.653208 -0.757178
-0.488616 37.1429 -12.3092 0.155298 0.312014 0 -0.653208 -0.757178
0 37.433 -12.5596 0.144597 0.310488 0 -0.653208 -0.757178
-1.33513 33.827 -12.7791 0.164845 0.358697 -0.831383 -0.2314 -0.505228
-1.55702 33.5243 -12.2753 0.167347 0.367515 -0.831383 -0.2314 -0.505228
-1.55702 33.9686 -12.4725 0.167347 0.360164 -0.831383 -0.2314 -0.505228
-1.33513 33.269 -12.5172 0.164845 0.369612 -0.831383 -0.2314 -0.505228
-1.55702 33.5243 -12.2753 0.167347 0.367515 -0.831383 -0.2314 -0.505228
-1.33513 33.827 -12.7791 0.164845 0.358697 -0.831383 -0.2314 -0.505228
-2.70659 33.269 -12.5172 0.188132 0.369612 -0 0.687655 -0.726037
-1.55702 33.5243 -12.2753 0.167347 0.367515 -0 0.687655 -0.726037
-1.33513 33.269 -12.5172 0.164845 0.369612 -0 0.687655 -0.726037
-2.48813 33.5243 -12.2753 0.185624 0.367515 -0 0.687655 -0.726037
-1.55702 33.5243 -12.2753 0.167347 0.367515 -0 0.687655 -0.726037
-2.70659 33.269 -12.5172 0.188132 0.369612 -0 0.687655 -0.726037
-2.70659 33.827 -12.7791 0.188132 0.358697 0.835339 -0.228917 -0.499806
-2.48813 33.5243 -12.2753 0.185624 0.367515 0.835339 -0.228917 -0.499806
-2.70659 33.269 -12.5172 0.188132 0.369612 0.835339 -0.228917 -0.499806
-2.48813 33.9686 -12.4725 0.185624 0.360164 0.835339 -0.228917 -0.499806
-2.48813 33.5243 -12.2753 0.185624 0.367515 0.835339 -0.228917 -0.499806
-2.70659 33.827 -12.7791 0.188132 0.358697 0.835339 -0.228917 -0.499806
-2.70659 33.827 -12.7791 0.188132 0.358697 0.811167 -0.444075 -0.380533
-2.48813 34.962 -13.638 0.185628 0.345338 0.811167 -0.444075 -0.380533
-2.48813 33.9686 -12.4725 0.185624 0.360164 0.811167 -0.444075 -0.380533
-2.70659 34.9436 -14.076 0.188161 0.345338 0.811167 -0.444075 -0.380533
-2.48813 34.962 -13.638 0.185628 0.345338 0.811167 -0.444075 -0.380533
-2.70659 33.827 -12.7791 0.188132 0.358697 0.811167 -0.444075 -0.380533
-2.70659 37.433 -12.5596 0.188132 0.310488 0.857839 0.267376 -0.438888
-2.48813 34.962 -13.638 0.185628 0.345338 0.857839 0.267376 -0.438888
-2.70659 34.9436 -14.076 0.188161 0.345338 0.857839 0.267376 -0.438888
-2.48813 37.1428 -12.3093 0.185624 0.312015 0.857839 0.267376 -0.438888
-2.48813 34.962 -13.638 0.185628 0.345338 0.857839 0.267376 -0.438888
-2.70659 37.433 -12.5596 0.188132 0.310488 0.857839 0.267376 -0.438888
-2.70659 37.433 -12.5596 0.188132 0.310488 -0 -0.653198 -0.757187
-1.55702 37.1428 -12.3093 0.167347 0.312015 -0 -0.653198 -0.757187
-2.48813 37.1428 -12.3093 0.185624 0.312015 -0 -0.653198 -0.757187
-1.33513 37.433 -12.5596 0.164845 0.310488 -0 -0.653198 -0.757187
-1.55702 37.1428 -12.3093 0.167347 0.312015 -0 -0.653198 -0.757187
-2.70659 37.433 -12.5596 0.188132 0.310488 -0 -0.653198 -0.757187
-1.33513 37.433 -12.5596 0.164845 0.310488 -0.854286 0.270438 -0.443914
-1.55702 34.962 -13.638 0.16748 0.345338 -0.854286 0.270438 -0.443914
-1.55702 37.1428 -12.3093 0.167347 0.312015 -0.854286 0.270438 -0.443914
-1.33513 34.9436 -14.076 0.164857 0.345338 -0.854286 0.270438 -0.443914
-1.55702 34.962 -13.638 0.16748 0.345338 -0.854286 0.270438 -0.443914
-1.33513 37.433 -12.5596 0.164845 0.310488 -0.854286 0.270438 -0.443914
-1.33513 33.827 -12.7791 0.164845 0.358697 -0.806823 -0.448615 -0.384423
-1.55702 34.962 -13.638 0.16748 0.345338 -0.806823 -0.448615 -0.384423
-1.33513 34.9436 -14.076 0.164857 0.345338 -0.806823 -0.448615 -0.384423
-1.55702 33.9686 -12.4725 0.167347 0.360164 -0.806823 -0.448615 -0.384423
-1.55702 34.962 -13.638 0.16748 0.345338 -0.806823 -0.448615 -0.384423
-1.33513 33.827 -12.7791 0.164845 0.358697 -0.806823 -0.448615 -0.384423
-3.37702 33.827 -12.7791 0.195828 0.358697 -0.81117 -0.444072 -0.380531
-3.59549 34.962 -13.6379 0.198387 0.345338 -0.81117 -0.444072 -0.380531
-3.37702 34.9436 -14.076 0.195846 0.345338 -0.81117 -0.444072 -0.380531
-3.59549 33.9686 -12.4725 0.198337 0.360164 -0.81117 -0.444072 -0.380531
-3.59549 34.962 -13.6379 0.198387 0.345338 -0.81117 -0.444072 -0.380531
-3.37702 33.827 -12.7791 0.195828 0.358697 -0.81117 -0.444072 -0.380531
-3.37702 33.827 -12.7791 0.195828 0.358697 -0.83534 -0.228916 -0.499805
-3.59549 33.5243 -12.2753 0.198337 0.367515 -0.83534 -0.228916 -0.499805
-3.59549 33.9686 -12.4725 0.198337 0.360164 -0.83534 -0.228916 -0.499805
-3.37702 33.269 -12.5172 0.195828 0.369612 -0.83534 -0.228916 -0.499805
-3.59549 33.5243 -12.2753 0.198337 0.367515 -0.83534 -0.228916 -0.499805
-3.37702 33.827 -12.7791 0.195828 0.358697 -0.83534 -0.228916 -0.499805
-4.8198 33.269 -12.5172 0.219676 0.369612 1e-06 0.68765 -0.726042
-3.59549 33.5243 -12.2753 0.198337 0.367515 1e-06 0.68765 -0.726042
-3.37702 33.269 -12.5172 0.195828 0.369612 1e-06 0.68765 -0.726042
-4.60893 33.5243 -12.2753 0.216392 0.367515 1e-06 0.68765 -0.726042
-3.59549 33.5243 -12.2753 0.198337 0.367515 1e-06 0.68765 -0.726042
-4.8198 33.269 -12.5172 0.219676 0.369612 1e-06 0.68765 -0.726042
-4.8198 33.827 -12.7791 0.219676 0.358697 0.8441 -0.223275 -0.487488
-4.60893 33.5243 -12.2753 0.216392 0.367515 0.8441 -0.223275 -0.487488
-4.8198 33.269 -12.5172 0.219676 0.369612 0.8441 -0.223275 -0.487488
-4.60893 33.9686 -12.4725 0.216392 0.360164 0.8441 -0.223275 -0.487488
-4.60893 33.5243 -12.2753 0.216392 0.367515 0.8441 -0.223275 -0.487488
-4.8198 33.827 -12.7791 0.219676 0.358697 0.8441 -0.223275 -0.487488
-4.8198 33.827 -12.7791 0.219676 0.358697 0.820814 -0.433733 -0.371671
-4.60893 34.962 -13.638 0.216747 0.345338 0.820814 -0.433733 -0.371671
-4.60893 33.9686 -12.4725 0.216392 0.360164 0.820814 -0.433733 -0.371671
-4.8198 34.9436 -14.076 0.219603 0.345338 0.820814 -0.433733 -0.371671
-4.60893 34.962 -13.638 0.216747 0.345338 0.820814 -0.433733 -0.371671
-4.8198 33.827 -12.7791 0.219676 0.358697 0.820814 -0.433733 -0.371671
-4.8198 37.433 -12.5596 0.219676 0.310488 0.865684 0.260442 -0.427506
-4.60893 34.962 -13.638 0.216747 0.345338 0.865684 0.260442 -0.427506
-4.8198 34.9436 -14.076 0.219603 0.345338 0.865684 0.260442 -0.427506
-4.60893 37.1428 -12.3093 0.216392 0.312014 0.865684 0.260442 -0.427506
-4.60893 34.962 -13.638 0.216747 0.345338 0.865684 0.260442 -0.427506
-4.8198 37.433 -12.5596 0.219676 0.310488 0.865684 0.260442 -0.427506
-4.8198 37.433 -12.5596 0.219676 0.310488 1e-06 -0.653207 -0.75718
-3.59549 37.1429 -12.3092 0.198337 0.312014 1e-06 -0.653207 -0.75718
-4.60893 37.1428 -12.3093 0.216392 0.312014 1e-06 -0.653207 -0.75718
-3.37702 37.433 -12.5596 0.195828 0.310488 1e-06 -0.653207 -0.75718
-3.59549 37.1429 -12.3092 0.198337 0.312014 1e-06 -0.653207 -0.75718
-4.8198 37.433 -12.5596 0.219676 0.310488 1e-06 -0.653207 -0.75718
-3.37702 37.433 -12.5596 0.195828 0.310488 -0.857839 0.267375 -0.438887
-3.59549 34.962 -13.6379 0.198387 0.345338 -0.857839 0.267375 -0.438887
-3.59549 37.1429 -12.3092 0.198337 0.312014 -0.857839 0.267375 -0.438887
-3.37702 34.9436 -14.076 0.195846 0.345338 -0.857839 0.267375 -0.438887
-3.59549 34.962 -13.6379 0.198387 0.345338 -0.857839 0.267375 -0.438887
-3.37702 37.433 -12.5596 0.195828 0.310488 -0.857839 0.267375 -0.438887
