Vertex Count: 1080

Data:

-0.000246 23.8941 -25.3424 0.809574 0.284073 0 -0.629563 -0.776949
1.03193 22.6523 -24.3362 0.821177 0.298154 0 -0.629563 -0.776949
-0.000246 22.6523 -24.3362 0.809574 0.298154 0 -0.629563 -0.776949
1.03193 23.8941 -25.3424 0.821177 0.284073 0 -0.629563 -0.776949
1.03193 22.6523 -24.3362 0.821177 0.298154 0 -0.629563 -0.776949
-0.000246 23.8941 -25.3424 0.809574 0.284073 0 -0.629563 -0.776949
1.03193 25.675 -23.6683 0.831242 0.347701 -1 0 -0
1.03193 23.9188 -22.4151 0.843579 0.365334 -1 0 -0
1.03193 25.8687 -21.9875 0.848024 0.345924 -1 0 -0
1.03193 23.8941 -25.3424 0.814379 0.365308 -1 0 -0
1.03193 23.9188 -22.4151 0.843579 0.365334 -1 0 -0
1.03193 25.675 -23.6683 0.831242 0.347701 -1 0 -0
-0.000246 23.1702 -14.6065 0.850796 0.332979 0 0.027056 0.999634
3.97524 25.9813 -14.6858 0.809641 0.303863 0 0.027056 0.999634
-0.000246 25.9813 -14.6858 0.850796 0.303863 0 0.027056 0.999634
3.97524 23.1702 -14.6065 0.809641 0.332979 0 0.027056 0.999634
3.97524 25.9813 -14.6858 0.809641 0.303863 0 0.027056 0.999634
-0.000246 23.1702 -14.6065 0.850796 0.332979 0 0.027056 0.999634
-0.000246 22.709 -18.2326 0.905693 0.365133 0 -0.999957 0.009286
3.9701 22.7402 -14.8733 0.933299 0.332516 0 -0.999957 0.009286
-0.000246 22.7403 -14.864 0.933375 0.365133 0 -0.999957 0.009286
3.97524 22.709 -18.2326 0.905693 0.332473 0 -0.999957 0.009286
3.9701 22.7402 -14.8733 0.933299 0.332516 0 -0.999957 0.009286
-0.000246 22.709 -18.2326 0.905693 0.365133 0 -0.999957 0.009286
4.63978 23.0169 -21.9554 0.878568 0.322971 1 0 -0
4.63978 25.2283 -23.1986 0.869697 0.306843 1 0 -0
4.63978 25.3753 -21.9773 0.878568 0.305858 1 0 -0
4.63978 22.9995 -23.8317 0.864954 0.322971 1 0 -0
4.63978 25.2283 -23.1986 0.869697 0.306843 1 0 -0
4.63978 23.0169 -21.9554 0.878568 0.322971 1 0 -0
4.63978 25.2283 -23.1986 0.869697 0.306843 1 0 -0
4.63978 22.9995 -23.8317 0.864954 0.322971 1 0 -0
4.63978 23.8997 -24.5272 0.859969 0.316393 1 0 -0
3.97524 23.8969 -24.961 0.856822 0.316384 1 0 -0
3.97524 22.6523 -24.3362 0.86127 0.325455 1 0 -0
3.97524 23.8941 -25.3424 0.854054 0.316378 1 0 -0
3.97524 22.7882 -24.0918 0.863053 0.324486 1 0 -0
3.97524 22.6523 -24.3362 0.86127 0.325455 1 0 -0
3.97524 23.8969 -24.961 0.856822 0.316384 1 0 -0
3.97524 22.7882 -24.0918 0.863053 0.324486 1 -1e-06 0
3.97524 22.6745 -21.9522 0.878568 0.325455 1 -1e-06 0
3.97524 22.6523 -24.3362 0.86127 0.325455 1 -1e-06 0
3.97524 22.808 -21.9535 0.878568 0.324486 1 -1e-06 0
3.97524 22.6745 -21.9522 0.878568 0.325455 1 -1e-06 0
3.97524 22.7882 -24.0918 0.863053 0.324486 1 -1e-06 0
3.97524 25.7594 -14.9425 0.929633 0.303546 1 0 -0
3.97524 23.1702 -14.6065 0.931896 0.322354 1 0 -0
3.97524 23.2715 -14.8775 0.929937 0.321601 1 0 -0
3.97524 25.9813 -14.6858 0.93151 0.301954 1 0 -0
3.97524 23.1702 -14.6065 0.931896 0.322354 1 0 -0
3.97524 25.7594 -14.9425 0.929633 0.303546 1 0 -0
3.97524 25.7594 -14.9425 0.929633 0.303546 1 0 -0
3.97524 26.6848 -18.2695 0.905557 0.296608 1 0 -0
3.97524 25.9813 -14.6858 0.93151 0.301954 1 0 -0
3.97524 25.9022 -18.2622 0.905557 0.302286 1 0 -0
3.97524 26.6848 -18.2695 0.905557 0.296608 1 0 -0
3.97524 25.7594 -14.9425 0.929633 0.303546 1 0 -0
3.97524 25.675 -23.6683 0.86632 0.30357 1 0 -0
3.97524 23.8969 -24.961 0.856822 0.316384 1 0 -0
3.97524 23.8941 -25.3424 0.854054 0.316378 1 0 -0
3.97524 25.4346 -23.4845 0.867637 0.305327 1 0 -0
3.97524 23.8969 -24.961 0.856822 0.316384 1 0 -0
3.97524 25.675 -23.6683 0.86632 0.30357 1 0 -0
4.63978 23.8997 -24.5272 0.859969 0.316393 0.454952 -0.547198 -0.702562
3.97524 22.7882 -24.0918 0.863053 0.324486 0.454952 -0.547198 -0.702562
3.97524 23.8969 -24.961 0.856822 0.316384 0.454952 -0.547198 -0.702562
4.63978 22.9995 -23.8317 0.864954 0.322971 0.454952 -0.547198 -0.702562
3.97524 22.7882 -24.0918 0.863053 0.324486 0.454952 -0.547198 -0.702562
4.63978 23.8997 -24.5272 0.859969 0.316393 0.454952 -0.547198 -0.702562
4.63978 22.9995 -23.8317 0.864954 0.322971 0.299862 -0.953941 0.008859
3.97524 22.808 -21.9535 0.878568 0.324486 0.299862 -0.953941 0.008859
3.97524 22.7882 -24.0918 0.863053 0.324486 0.299862 -0.953941 0.008859
4.63978 23.0169 -21.9554 0.878568 0.322971 0.299862 -0.953941 0.008859
3.97524 22.808 -21.9535 0.878568 0.324486 0.299862 -0.953941 0.008859
4.63978 22.9995 -23.8317 0.864954 0.322971 0.299862 -0.953941 0.008859
4.63978 23.4737 -15.1665 0.927854 0.320115 0.406084 0.02677 0.913444
3.97524 25.7594 -14.9425 0.929633 0.303546 0.406084 0.02677 0.913444
3.97524 23.2715 -14.8775 0.929937 0.321601 0.406084 0.02677 0.913444
4.63978 25.541 -15.2439 0.927431 0.30511 0.406084 0.02677 0.913444
3.97524 25.7594 -14.9425 0.929633 0.303546 0.406084 0.02677 0.913444
4.63978 23.4737 -15.1665 0.927854 0.320115 0.406084 0.02677 0.913444
4.63978 25.541 -15.2439 0.927431 0.30511 0.301315 0.953256 -0.022636
3.97524 25.9022 -18.2622 0.905557 0.302286 0.301315 0.953256 -0.022636
3.97524 25.7594 -14.9425 0.929633 0.303546 0.301315 0.953256 -0.022636
4.63978 25.6933 -18.2603 0.905557 0.303802 0.301315 0.953256 -0.022636
3.97524 25.9022 -18.2622 0.905557 0.302286 0.301315 0.953256 -0.022636
4.63978 25.541 -15.2439 0.927431 0.30511 0.301315 0.953256 -0.022636
3.97524 25.4346 -23.4845 0.867637 0.305327 0.442934 0.62708 -0.640766
4.63978 23.8997 -24.5272 0.859969 0.316393 0.442934 0.62708 -0.640766
3.97524 23.8969 -24.961 0.856822 0.316384 0.442934 0.62708 -0.640766
4.63978 25.2283 -23.1986 0.869697 0.306843 0.442934 0.62708 -0.640766
4.63978 23.8997 -24.5272 0.859969 0.316393 0.442934 0.62708 -0.640766
3.97524 25.4346 -23.4845 0.867637 0.305327 0.442934 0.62708 -0.640766
-0.000246 26.6848 -18.2695 0.908999 0.260111 0 0.926705 -0.375789
3.97524 26.1742 -19.4298 0.900505 0.28909 0 0.926705 -0.375789
-0.000246 26.1742 -19.4298 0.900505 0.260111 0 0.926705 -0.375789
3.97524 26.6848 -18.2695 0.908999 0.28909 0 0.926705 -0.375789
3.97524 26.1742 -19.4298 0.900505 0.28909 0 0.926705 -0.375789
-0.000246 26.6848 -18.2695 0.908999 0.260111 0 0.926705 -0.375789
-0.000246 22.6745 -21.9522 0.875126 0.365133 0 -0.999957 0.009286
3.97524 22.6982 -19.3975 0.896121 0.332473 0 -0.999957 0.009286
-0.000246 22.6982 -19.3975 0.896121 0.365133 0 -0.999957 0.009286
1.03193 22.6745 -21.9522 0.875126 0.356661 0 -0.999957 0.009286
3.97524 22.6982 -19.3975 0.896121 0.332473 0 -0.999957 0.009286
-0.000246 22.6745 -21.9522 0.875126 0.365133 0 -0.999957 0.009286
1.46208 22.6745 -21.9522 0.875127 0.353126 0 -0.999957 0.009286
3.97524 22.6982 -19.3975 0.896121 0.332473 0 -0.999957 0.009286
1.03193 22.6745 -21.9522 0.875126 0.356661 0 -0.999957 0.009286
3.97524 22.6982 -19.3975 0.896121 0.332473 0 -0.999957 0.009286
3.53436 22.6745 -21.9522 0.875127 0.336097 0 -0.999957 0.009286
3.97524 22.6745 -21.9522 0.875126 0.332473 0 -0.999957 0.009286
1.46208 22.6745 -21.9522 0.875127 0.353126 0 -0.999957 0.009286
3.53436 22.6745 -21.9522 0.875127 0.336097 0 -0.999957 0.009286
3.97524 22.6982 -19.3975 0.896121 0.332473 0 -0.999957 0.009286
4.63978 25.6933 -18.2603 0.905557 0.303802 1 0 -0
4.63978 23.0406 -19.4006 0.897105 0.322971 1 0 -0
4.63978 25.6825 -19.4252 0.897105 0.303802 1 0 -0
4.63978 23.0514 -18.2358 0.905557 0.322971 1 0 -0
4.63978 23.0406 -19.4006 0.897105 0.322971 1 0 -0
4.63978 25.6933 -18.2603 0.905557 0.303802 1 0 -0
3.97524 22.8426 -18.2338 0.905557 0.324486 1 0 -0
3.97524 22.6982 -19.3975 0.897105 0.325455 1 0 -0
3.97524 22.8318 -19.3987 0.897105 0.324486 1 0 -0
3.97524 22.709 -18.2326 0.905557 0.325455 1 0 -0
3.97524 22.6982 -19.3975 0.897105 0.325455 1 0 -0
3.97524 22.8426 -18.2338 0.905557 0.324486 1 0 -0
3.97524 25.8914 -19.4271 0.897105 0.302286 1 0 -0
3.97524 25.8735 -21.9878 0.878524 0.302243 1 0 -0
3.97524 26.1742 -19.4298 0.897105 0.300234 1 0 -0
3.97524 25.604 -21.9794 0.878568 0.304199 1 0 -0
3.97524 25.8735 -21.9878 0.878524 0.302243 1 0 -0
3.97524 25.8914 -19.4271 0.897105 0.302286 1 0 -0
4.63978 23.0514 -18.2358 0.905557 0.322971 0.299863 -0.953941 0.008859
3.97524 22.8318 -19.3987 0.897105 0.324486 0.299863 -0.953941 0.008859
4.63978 23.0406 -19.4006 0.897105 0.322971 0.299863 -0.953941 0.008859
3.97524 22.8426 -18.2338 0.905557 0.324486 0.299863 -0.953941 0.008859
3.97524 22.8318 -19.3987 0.897105 0.324486 0.299863 -0.953941 0.008859
4.63978 23.0514 -18.2358 0.905557 0.322971 0.299863 -0.953941 0.008859
4.63978 25.6825 -19.4252 0.897105 0.303802 0.311122 0.943988 -0.109957
3.97524 25.604 -21.9794 0.878568 0.304199 0.311122 0.943988 -0.109957
3.97524 25.8914 -19.4271 0.897105 0.302286 0.311122 0.943988 -0.109957
4.63978 25.3753 -21.9773 0.878568 0.305858 0.311122 0.943988 -0.109957
3.97524 25.604 -21.9794 0.878568 0.304199 0.311122 0.943988 -0.109957
4.63978 25.6825 -19.4252 0.897105 0.303802 0.311122 0.943988 -0.109957
-0.000246 22.6982 -19.3975 0.896121 0.365133 0 -0.999957 0.009286
3.97524 22.709 -18.2326 0.905693 0.332473 0 -0.999957 0.009286
-0.000246 22.709 -18.2326 0.905693 0.365133 0 -0.999957 0.009286
3.97524 22.6982 -19.3975 0.896121 0.332473 0 -0.999957 0.009286
3.97524 22.709 -18.2326 0.905693 0.332473 0 -0.999957 0.009286
-0.000246 22.6982 -19.3975 0.896121 0.365133 0 -0.999957 0.009286
3.97524 25.9022 -18.2622 0.905557 0.302286 1 0 -0
3.97524 26.1742 -19.4298 0.897105 0.300234 1 0 -0
3.97524 26.6848 -18.2695 0.905557 0.296608 1 0 -0
3.97524 25.8914 -19.4271 0.897105 0.302286 1 0 -0
3.97524 26.1742 -19.4298 0.897105 0.300234 1 0 -0
3.97524 25.9022 -18.2622 0.905557 0.302286 1 0 -0
4.63978 25.6825 -19.4252 0.897105 0.303802 0.299862 0.953942 -0.008859
3.97524 25.9022 -18.2622 0.905557 0.302286 0.299862 0.953942 -0.008859
4.63978 25.6933 -18.2603 0.905557 0.303802 0.299862 0.953942 -0.008859
3.97524 25.8914 -19.4271 0.897105 0.302286 0.299862 0.953942 -0.008859
3.97524 25.9022 -18.2622 0.905557 0.302286 0.299862 0.953942 -0.008859
4.63978 25.6825 -19.4252 0.897105 0.303802 0.299862 0.953942 -0.008859
-0.000246 25.9813 -14.6858 0.935083 0.260111 0 0.991113 0.133024
3.97524 26.6848 -18.2695 0.908999 0.28909 0 0.991113 0.133024
-0.000246 26.6848 -18.2695 0.908999 0.260111 0 0.991113 0.133024
3.97524 25.9813 -14.6858 0.935083 0.28909 0 0.991113 0.133024
3.97524 26.6848 -18.2695 0.908999 0.28909 0 0.991113 0.133024
-0.000246 25.9813 -14.6858 0.935083 0.260111 0 0.991113 0.133024
4.63978 25.541 -15.2439 0.927431 0.30511 1 0 -0
4.63978 23.0514 -18.2358 0.905557 0.322971 1 0 -0
4.63978 25.6933 -18.2603 0.905557 0.303802 1 0 -0
4.63978 25.541 -15.2439 0.927431 0.30511 1 0 -0
4.63978 23.0773 -15.4466 0.925795 0.322971 1 0 -0
4.63978 23.0514 -18.2358 0.905557 0.322971 1 0 -0
4.63978 25.541 -15.2439 0.927431 0.30511 1 0 -0
4.63978 23.4737 -15.1665 0.927854 0.320115 1 0 -0
4.63978 23.0773 -15.4466 0.925795 0.322971 1 0 -0
3.97524 22.871 -15.1699 0.927789 0.324486 0.999831 -0.018366 0.000972
3.97524 22.709 -18.2326 0.905557 0.325455 0.999831 -0.018366 0.000972
3.97524 22.8426 -18.2338 0.905557 0.324486 0.999831 -0.018366 0.000972
3.9701 22.7402 -14.8733 0.929931 0.325455 0.999831 -0.018366 0.000972
3.97524 22.709 -18.2326 0.905557 0.325455 0.999831 -0.018366 0.000972
3.97524 22.871 -15.1699 0.927789 0.324486 0.999831 -0.018366 0.000972
4.63978 23.0773 -15.4466 0.925795 0.322971 0.299862 -0.953941 0.008859
3.97524 22.8426 -18.2338 0.905557 0.324486 0.299862 -0.953941 0.008859
4.63978 23.0514 -18.2358 0.905557 0.322971 0.299862 -0.953941 0.008859
3.97524 22.871 -15.1699 0.927789 0.324486 0.299862 -0.953941 0.008859
3.97524 22.8426 -18.2338 0.905557 0.324486 0.299862 -0.953941 0.008859
4.63978 23.0773 -15.4466 0.925795 0.322971 0.299862 -0.953941 0.008859
3.9701 22.7402 -14.8733 0.809694 0.337406 0.000949 -0.520682 0.85375
-0.000246 23.1702 -14.6065 0.850796 0.332979 0.000949 -0.520682 0.85375
-0.000246 22.7403 -14.864 0.850796 0.337406 0.000949 -0.520682 0.85375
3.97524 23.1702 -14.6065 0.809641 0.332979 0.000949 -0.520682 0.85375
-0.000246 23.1702 -14.6065 0.850796 0.332979 0.000949 -0.520682 0.85375
3.9701 22.7402 -14.8733 0.809694 0.337406 0.000949 -0.520682 0.85375
3.9701 22.7402 -14.8733 0.929931 0.325455 0.99994 -0.009645 0.005122
3.97524 23.2715 -14.8775 0.929937 0.321601 0.99994 -0.009645 0.005122
3.97524 23.1702 -14.6065 0.931896 0.322354 0.99994 -0.009645 0.005122
3.97524 22.871 -15.1699 0.927789 0.324486 0.99994 -0.009645 0.005122
3.97524 23.2715 -14.8775 0.929937 0.321601 0.99994 -0.009645 0.005122
3.9701 22.7402 -14.8733 0.929931 0.325455 0.99994 -0.009645 0.005122
4.63978 23.0773 -15.4466 0.925795 0.322971 0.464842 -0.516661 0.719016
3.97524 23.2715 -14.8775 0.929937 0.321601 0.464842 -0.516661 0.719016
3.97524 22.871 -15.1699 0.927789 0.324486 0.464842 -0.516661 0.719016
4.63978 23.4737 -15.1665 0.927854 0.320115 0.464842 -0.516661 0.719016
3.97524 23.2715 -14.8775 0.929937 0.321601 0.464842 -0.516661 0.719016
4.63978 23.0773 -15.4466 0.925795 0.322971 0.464842 -0.516661 0.719016
-0.000246 26.1742 -19.4298 0.900505 0.260111 0 0.993245 -0.116038
1.03193 25.8735 -21.9878 0.881833 0.267628 0 0.993245 -0.116038
-0.000246 25.8735 -21.9878 0.881833 0.260111 0 0.993245 -0.116038
3.97524 26.1742 -19.4298 0.900505 0.28909 0 0.993245 -0.116038
1.03193 25.8735 -21.9878 0.881833 0.267628 0 0.993245 -0.116038
-0.000246 26.1742 -19.4298 0.900505 0.260111 0 0.993245 -0.116038
3.97524 26.1742 -19.4298 0.900505 0.28909 0 0.993245 -0.116038
1.46208 25.8735 -21.9878 0.881833 0.270764 0 0.993245 -0.116038
1.03193 25.8735 -21.9878 0.881833 0.267628 0 0.993245 -0.116038
3.53436 25.8735 -21.9878 0.881833 0.285875 0 0.993245 -0.116038
3.97524 26.1742 -19.4298 0.900505 0.28909 0 0.993245 -0.116038
3.97524 25.8735 -21.9878 0.881833 0.28909 0 0.993245 -0.116038
3.97524 26.1742 -19.4298 0.900505 0.28909 0 0.993245 -0.116038
3.53436 25.8735 -21.9878 0.881833 0.285875 0 0.993245 -0.116038
1.46208 25.8735 -21.9878 0.881833 0.270764 0 0.993245 -0.116038
4.63978 25.3753 -21.9773 0.878568 0.305858 1 0 -0
4.63978 23.0406 -19.4006 0.897105 0.322971 1 0 -0
4.63978 23.0169 -21.9554 0.878568 0.322971 1 0 -0
4.63978 25.6825 -19.4252 0.897105 0.303802 1 0 -0
4.63978 23.0406 -19.4006 0.897105 0.322971 1 0 -0
4.63978 25.3753 -21.9773 0.878568 0.305858 1 0 -0
3.97524 22.8318 -19.3987 0.897105 0.324486 1 1e-06 -0
3.97524 22.6745 -21.9522 0.878568 0.325455 1 1e-06 -0
3.97524 22.808 -21.9535 0.878568 0.324486 1 1e-06 -0
3.97524 22.6982 -19.3975 0.897105 0.325455 1 1e-06 -0
3.97524 22.6745 -21.9522 0.878568 0.325455 1 1e-06 -0
3.97524 22.8318 -19.3987 0.897105 0.324486 1 1e-06 -0
4.63978 23.0406 -19.4006 0.897105 0.322971 0.299863 -0.953941 0.008859
3.97524 22.808 -21.9535 0.878568 0.324486 0.299863 -0.953941 0.008859
4.63978 23.0169 -21.9554 0.878568 0.322971 0.299863 -0.953941 0.008859
3.97524 22.8318 -19.3987 0.897105 0.324486 0.299863 -0.953941 0.008859
3.97524 22.808 -21.9535 0.878568 0.324486 0.299863 -0.953941 0.008859
4.63978 23.0406 -19.4006 0.897105 0.322971 0.299863 -0.953941 0.008859
-0.000246 22.6523 -24.3362 0.855535 0.365133 0 -0.999957 0.009286
1.03193 22.6745 -21.9522 0.875126 0.356661 0 -0.999957 0.009286
-0.000246 22.6745 -21.9522 0.875126 0.365133 0 -0.999957 0.009286
1.03193 22.6523 -24.3362 0.855535 0.356661 0 -0.999957 0.009286
1.03193 22.6745 -21.9522 0.875126 0.356661 0 -0.999957 0.009286
-0.000246 22.6523 -24.3362 0.855535 0.365133 0 -0.999957 0.009286
3.97524 25.4346 -23.4845 0.867637 0.305327 1 -1e-06 0
3.97524 25.8735 -21.9878 0.878524 0.302243 1 -1e-06 0
3.97524 25.604 -21.9794 0.878568 0.304199 1 -1e-06 0
3.97524 25.675 -23.6683 0.86632 0.30357 1 -1e-06 0
3.97524 25.8735 -21.9878 0.878524 0.302243 1 -1e-06 0
3.97524 25.4346 -23.4845 0.867637 0.305327 1 -1e-06 0
4.63978 25.2283 -23.1986 0.869697 0.306843 0.33039 0.93755 -0.108827
3.97524 25.604 -21.9794 0.878568 0.304199 0.33039 0.93755 -0.108827
4.63978 25.3753 -21.9773 0.878568 0.305858 0.33039 0.93755 -0.108827
3.97524 25.4346 -23.4845 0.867637 0.305327 0.33039 0.93755 -0.108827
3.97524 25.604 -21.9794 0.878568 0.304199 0.33039 0.93755 -0.108827
4.63978 25.2283 -23.1986 0.869697 0.306843 0.33039 0.93755 -0.108827
3.97524 23.8941 -25.3424 0.854304 0.284073 0 -0.629563 -0.776949
3.53436 22.6523 -24.3362 0.849342 0.298154 0 -0.629563 -0.776949
3.53436 23.8941 -25.3424 0.849342 0.284073 0 -0.629563 -0.776949
3.97524 22.6523 -24.3362 0.854304 0.298154 0 -0.629563 -0.776949
3.53436 22.6523 -24.3362 0.849342 0.298154 0 -0.629563 -0.776949
3.97524 23.8941 -25.3424 0.854304 0.284073 0 -0.629563 -0.776949
3.97524 25.8735 -21.9878 0.881833 0.28909 0 0.992963 -0.118422
3.53436 25.675 -23.6683 0.869566 0.285875 0 0.992963 -0.118422
3.53436 25.8735 -21.9878 0.881833 0.285875 0 0.992963 -0.118422
3.97524 25.675 -23.6683 0.869566 0.28909 0 0.992963 -0.118422
3.53436 25.675 -23.6683 0.869566 0.285875 0 0.992963 -0.118422
3.97524 25.8735 -21.9878 0.881833 0.28909 0 0.992963 -0.118422
3.97524 25.675 -23.6683 0.854304 0.264205 0 0.684929 -0.72861
3.53436 23.8941 -25.3424 0.849342 0.284073 0 0.684929 -0.72861
3.53436 25.675 -23.6683 0.849342 0.264205 0 0.684929 -0.72861
3.97524 23.8941 -25.3424 0.854304 0.284073 0 0.684929 -0.72861
3.53436 23.8941 -25.3424 0.849342 0.284073 0 0.684929 -0.72861
3.97524 25.675 -23.6683 0.854304 0.264205 0 0.684929 -0.72861
3.97524 22.6523 -24.3362 0.855535 0.332474 0 -0.999957 0.009286
3.53436 22.6745 -21.9522 0.875127 0.336097 0 -0.999957 0.009286
3.53436 22.6523 -24.3362 0.855535 0.336097 0 -0.999957 0.009286
3.97524 22.6745 -21.9522 0.875126 0.332473 0 -0.999957 0.009286
3.53436 22.6745 -21.9522 0.875127 0.336097 0 -0.999957 0.009286
3.97524 22.6523 -24.3362 0.855535 0.332474 0 -0.999957 0.009286
1.46208 23.8941 -25.3424 0.826019 0.284073 0 -0.629563 -0.776949
1.03193 22.6523 -24.3362 0.821177 0.298154 0 -0.629563 -0.776949
1.03193 23.8941 -25.3424 0.821177 0.284073 0 -0.629563 -0.776949
1.46208 22.6523 -24.3362 0.826019 0.298154 0 -0.629563 -0.776949
1.03193 22.6523 -24.3362 0.821177 0.298154 0 -0.629563 -0.776949
1.46208 23.8941 -25.3424 0.826019 0.284073 0 -0.629563 -0.776949
1.03193 25.675 -23.6683 0.869566 0.267628 -0.005678 0.992947 -0.11842
1.46208 25.8735 -21.9878 0.881833 0.270764 -0.005678 0.992947 -0.11842
1.46208 25.675 -23.6683 0.869566 0.270764 -0.005678 0.992947 -0.11842
1.46208 25.8735 -21.9878 0.881833 0.270764 -0.005678 0.992947 -0.11842
1.03193 25.8687 -21.9875 0.881836 0.267628 -0.005678 0.992947 -0.11842
1.03193 25.8735 -21.9878 0.881833 0.267628 -0.005678 0.992947 -0.11842
1.46208 25.8735 -21.9878 0.881833 0.270764 -0.005678 0.992947 -0.11842
1.03193 25.675 -23.6683 0.869566 0.267628 -0.005678 0.992947 -0.11842
1.03193 25.8687 -21.9875 0.881836 0.267628 -0.005678 0.992947 -0.11842
1.46208 25.675 -23.6683 0.826019 0.264205 0 0.684929 -0.72861
1.03193 23.8941 -25.3424 0.821177 0.284073 0 0.684929 -0.72861
1.03193 25.675 -23.6683 0.821177 0.264205 0 0.684929 -0.72861
1.46208 23.8941 -25.3424 0.826019 0.284073 0 0.684929 -0.72861
1.03193 23.8941 -25.3424 0.821177 0.284073 0 0.684929 -0.72861
1.46208 25.675 -23.6683 0.826019 0.264205 0 0.684929 -0.72861
1.46208 22.6523 -24.3362 0.855535 0.353126 0 -0.999957 0.009286
1.03193 22.6745 -21.9522 0.875126 0.356661 0 -0.999957 0.009286
1.03193 22.6523 -24.3362 0.855535 0.356661 0 -0.999957 0.009286
1.46208 22.6745 -21.9522 0.875127 0.353126 0 -0.999957 0.009286
1.03193 22.6745 -21.9522 0.875126 0.356661 0 -0.999957 0.009286
1.46208 22.6523 -24.3362 0.855535 0.353126 0 -0.999957 0.009286
3.53436 23.8941 -25.3424 0.849342 0.284073 0 -0.629563 -0.776949
1.46208 22.6523 -24.3362 0.826019 0.298154 0 -0.629563 -0.776949
1.46208 23.8941 -25.3424 0.826019 0.284073 0 -0.629563 -0.776949
3.53436 22.6523 -24.3362 0.849342 0.298154 0 -0.629563 -0.776949
1.46208 22.6523 -24.3362 0.826019 0.298154 0 -0.629563 -0.776949
3.53436 23.8941 -25.3424 0.849342 0.284073 0 -0.629563 -0.776949
1.46208 25.675 -23.6683 0.831242 0.347701 1 0 -0
1.46208 23.9164 -22.4163 0.843567 0.365357 1 0 -0
1.46208 23.8941 -25.3424 0.814379 0.365308 1 0 -0
1.46208 25.8735 -21.9878 0.848021 0.345876 1 0 -0
1.46208 23.9164 -22.4163 0.843567 0.365357 1 0 -0
1.46208 25.675 -23.6683 0.831242 0.347701 1 0 -0
3.53436 22.6523 -24.3362 0.855535 0.336097 0 -0.999957 0.009286
1.46208 22.6745 -21.9522 0.875127 0.353126 0 -0.999957 0.009286
1.46208 22.6523 -24.3362 0.855535 0.353126 0 -0.999957 0.009286
3.53436 22.6745 -21.9522 0.875127 0.336097 0 -0.999957 0.009286
1.46208 22.6745 -21.9522 0.875127 0.353126 0 -0.999957 0.009286
3.53436 22.6523 -24.3362 0.855535 0.336097 0 -0.999957 0.009286
1.03193 23.8941 -25.3424 0.85724 0.267628 -0.004387 0.999967 -0.006876
-0.000246 23.9097 -22.4164 0.878575 0.260111 -0.004387 0.999967 -0.006876
1.03193 23.9188 -22.4151 0.878586 0.267628 -0.004387 0.999967 -0.006876
-0.000246 23.8941 -25.3424 0.85724 0.260111 -0.004387 0.999967 -0.006876
-0.000246 23.9097 -22.4164 0.878575 0.260111 -0.004387 0.999967 -0.006876
1.03193 23.8941 -25.3424 0.85724 0.267628 -0.004387 0.999967 -0.006876
3.53436 25.675 -23.6683 0.831242 0.347701 -1 0 -0
3.53436 23.9151 -22.4108 0.843621 0.365371 -1 0 -0
3.53436 25.8735 -21.9878 0.848021 0.345876 -1 0 -0
3.53436 23.8941 -25.3424 0.814379 0.365308 -1 0 -0
3.53436 23.9151 -22.4108 0.843621 0.365371 -1 0 -0
3.53436 25.675 -23.6683 0.831242 0.347701 -1 0 -0
3.53436 23.8941 -25.3424 0.85724 0.285875 0.000303 0.999973 -0.00739
1.46208 23.9164 -22.4163 0.878577 0.270764 0.000303 0.999973 -0.00739
3.53436 23.9151 -22.4108 0.878616 0.285875 0.000303 0.999973 -0.00739
1.46208 23.8941 -25.3424 0.85724 0.270764 0.000303 0.999973 -0.00739
1.46208 23.9164 -22.4163 0.878577 0.270764 0.000303 0.999973 -0.00739
3.53436 23.8941 -25.3424 0.85724 0.285875 0.000303 0.999973 -0.00739
1.46208 23.9164 -22.4163 0.826019 0.284128 0.001241 0.204486 -0.978869
3.53436 25.8735 -21.9878 0.849342 0.262145 0.001241 0.204486 -0.978869
3.53436 23.9151 -22.4108 0.849342 0.284143 0.001241 0.204486 -0.978869
1.46208 25.8735 -21.9878 0.826019 0.262145 0.001241 0.204486 -0.978869
3.53436 25.8735 -21.9878 0.849342 0.262145 0.001241 0.204486 -0.978869
1.46208 23.9164 -22.4163 0.826019 0.284128 0.001241 0.204486 -0.978869
1.03193 25.8735 -21.9878 0.821177 0.262145 0.000405 0.205392 -0.97868
-0.000246 23.9097 -22.4164 0.809574 0.284204 0.000405 0.205392 -0.97868
-0.000246 25.8735 -21.9878 0.809574 0.262145 0.000405 0.205392 -0.97868
1.03193 25.8687 -21.9875 0.821177 0.262201 0.000405 0.205392 -0.97868
-0.000246 23.9097 -22.4164 0.809574 0.284204 0.000405 0.205392 -0.97868
1.03193 25.8735 -21.9878 0.821177 0.262145 0.000405 0.205392 -0.97868
1.03193 23.9188 -22.4151 0.821177 0.284102 0.000405 0.205392 -0.97868
-0.000246 23.9097 -22.4164 0.809574 0.284204 0.000405 0.205392 -0.97868
1.03193 25.8687 -21.9875 0.821177 0.262201 0.000405 0.205392 -0.97868
-1.03242 22.6523 -24.3362 0.821177 0.298154 0 -0.629563 -0.776949
-0.000246 23.8941 -25.3424 0.809574 0.284073 0 -0.629563 -0.776949
-0.000246 22.6523 -24.3362 0.809574 0.298154 0 -0.629563 -0.776949
-1.03242 23.8941 -25.3424 0.821177 0.284073 0 -0.629563 -0.776949
-0.000246 23.8941 -25.3424 0.809574 0.284073 0 -0.629563 -0.776949
-1.03242 22.6523 -24.3362 0.821177 0.298154 0 -0.629563 -0.776949
-1.03242 25.675 -23.6683 0.831242 0.347701 1 0 -0
-1.03242 23.9188 -22.4151 0.843579 0.365334 1 0 -0
-1.03242 23.8941 -25.3424 0.814379 0.365308 1 0 -0
-1.03242 25.8687 -21.9875 0.848024 0.345924 1 0 -0
-1.03242 23.9188 -22.4151 0.843579 0.365334 1 0 -0
-1.03242 25.675 -23.6683 0.831242 0.347701 1 0 -0
-3.97573 25.9813 -14.6858 0.809641 0.303863 0 0.027056 0.999634
-0.000246 23.1702 -14.6065 0.850796 0.332979 0 0.027056 0.999634
-0.000246 25.9813 -14.6858 0.850796 0.303863 0 0.027056 0.999634
-3.97573 23.1702 -14.6065 0.809641 0.332979 0 0.027056 0.999634
-0.000246 23.1702 -14.6065 0.850796 0.332979 0 0.027056 0.999634
-3.97573 25.9813 -14.6858 0.809641 0.303863 0 0.027056 0.999634
-3.97059 22.7402 -14.8733 0.933299 0.332516 0 -0.999957 0.009286
-0.000246 22.709 -18.2326 0.905693 0.365133 0 -0.999957 0.009286
-0.000246 22.7403 -14.864 0.933375 0.365133 0 -0.999957 0.009286
-3.97573 22.709 -18.2326 0.905693 0.332473 0 -0.999957 0.009286
-0.000246 22.709 -18.2326 0.905693 0.365133 0 -0.999957 0.009286
-3.97059 22.7402 -14.8733 0.933299 0.332516 0 -0.999957 0.009286
-4.64028 25.2283 -23.1986 0.869697 0.306843 -1 0 -0
-4.64028 23.0169 -21.9554 0.878568 0.322971 -1 0 -0
-4.64028 25.3753 -21.9773 0.878568 0.305858 -1 0 -0
-4.64028 25.2283 -23.1986 0.869697 0.306843 -1 0 -0
-4.64028 22.9995 -23.8317 0.864954 0.322971 -1 0 -0
-4.64028 23.0169 -21.9554 0.878568 0.322971 -1 0 -0
-4.64028 22.9995 -23.8317 0.864954 0.322971 -1 0 -0
-4.64028 25.2283 -23.1986 0.869697 0.306843 -1 0 -0
-4.64028 23.8997 -24.5272 0.859969 0.316393 -1 0 -0
-3.97573 22.6523 -24.3362 0.86127 0.325455 -1 0 -0
-3.97573 23.8969 -24.961 0.856822 0.316384 -1 0 -0
-3.97573 23.8941 -25.3424 0.854054 0.316378 -1 0 -0
-3.97573 22.7882 -24.0918 0.863053 0.324486 -1 0 -0
-3.97573 23.8969 -24.961 0.856822 0.316384 -1 0 -0
-3.97573 22.6523 -24.3362 0.86127 0.325455 -1 0 -0
-3.97573 22.6745 -21.9522 0.878568 0.325455 -1 -1e-06 0
-3.97573 22.7882 -24.0918 0.863053 0.324486 -1 -1e-06 0
-3.97573 22.6523 -24.3362 0.86127 0.325455 -1 -1e-06 0
-3.97573 22.808 -21.9535 0.878568 0.324486 -1 -1e-06 0
-3.97573 22.7882 -24.0918 0.863053 0.324486 -1 -1e-06 0
-3.97573 22.6745 -21.9522 0.878568 0.325455 -1 -1e-06 0
-3.97573 23.1702 -14.6065 0.931896 0.322354 -1 0 -0
-3.97573 25.7594 -14.9425 0.929633 0.303546 -1 0 -0
-3.97573 23.2715 -14.8775 0.929937 0.321601 -1 0 -0
-3.97573 25.9813 -14.6858 0.93151 0.301954 -1 0 -0
-3.97573 25.7594 -14.9425 0.929633 0.303546 -1 0 -0
-3.97573 23.1702 -14.6065 0.931896 0.322354 -1 0 -0
-3.97573 26.6848 -18.2695 0.905557 0.296608 -1 0 -0
-3.97573 25.7594 -14.9425 0.929633 0.303546 -1 0 -0
-3.97573 25.9813 -14.6858 0.93151 0.301954 -1 0 -0
-3.97573 25.9022 -18.2622 0.905557 0.302286 -1 0 -0
-3.97573 25.7594 -14.9425 0.929633 0.303546 -1 0 -0
-3.97573 26.6848 -18.2695 0.905557 0.296608 -1 0 -0
-3.97573 25.675 -23.6683 0.86632 0.30357 -1 0 -0
-3.97573 23.8969 -24.961 0.856822 0.316384 -1 0 -0
-3.97573 25.4346 -23.4845 0.867637 0.305327 -1 0 -0
-3.97573 23.8941 -25.3424 0.854054 0.316378 -1 0 -0
-3.97573 23.8969 -24.961 0.856822 0.316384 -1 0 -0
-3.97573 25.675 -23.6683 0.86632 0.30357 -1 0 -0
-3.97573 22.7882 -24.0918 0.863053 0.324486 -0.454952 -0.547198 -0.702562
-4.64028 23.8997 -24.5272 0.859969 0.316393 -0.454952 -0.547198 -0.702562
-3.97573 23.8969 -24.961 0.856822 0.316384 -0.454952 -0.547198 -0.702562
-4.64028 22.9995 -23.8317 0.864954 0.322971 -0.454952 -0.547198 -0.702562
-4.64028 23.8997 -24.5272 0.859969 0.316393 -0.454952 -0.547198 -0.702562
-3.97573 22.7882 -24.0918 0.863053 0.324486 -0.454952 -0.547198 -0.702562
-3.97573 22.808 -21.9535 0.878568 0.324486 -0.299862 -0.953941 0.008859
-4.64028 22.9995 -23.8317 0.864954 0.322971 -0.299862 -0.953941 0.008859
-3.97573 22.7882 -24.0918 0.863053 0.324486 -0.299862 -0.953941 0.008859
-4.64028 23.0169 -21.9554 0.878568 0.322971 -0.299862 -0.953941 0.008859
-4.64028 22.9995 -23.8317 0.864954 0.322971 -0.299862 -0.953941 0.008859
-3.97573 22.808 -21.9535 0.878568 0.324486 -0.299862 -0.953941 0.008859
-4.64028 23.4737 -15.1665 0.927854 0.320115 -0.406084 0.02677 0.913444
-3.97573 25.7594 -14.9425 0.929633 0.303546 -0.406084 0.02677 0.913444
-4.64028 25.541 -15.2439 0.927431 0.30511 -0.406084 0.02677 0.913444
-3.97573 23.2715 -14.8775 0.929937 0.321601 -0.406084 0.02677 0.913444
-3.97573 25.7594 -14.9425 0.929633 0.303546 -0.406084 0.02677 0.913444
-4.64028 23.4737 -15.1665 0.927854 0.320115 -0.406084 0.02677 0.913444
-3.97573 25.9022 -18.2622 0.905557 0.302286 -0.301315 0.953256 -0.022636
-4.64028 25.541 -15.2439 0.927431 0.30511 -0.301315 0.953256 -0.022636
-3.97573 25.7594 -14.9425 0.929633 0.303546 -0.301315 0.953256 -0.022636
-4.64028 25.6933 -18.2603 0.905557 0.303802 -0.301315 0.953256 -0.022636
-4.64028 25.541 -15.2439 0.927431 0.30511 -0.301315 0.953256 -0.022636
-3.97573 25.9022 -18.2622 0.905557 0.302286 -0.301315 0.953256 -0.022636
-3.97573 25.4346 -23.4845 0.867637 0.305327 -0.442934 0.62708 -0.640766
-4.64028 23.8997 -24.5272 0.859969 0.316393 -0.442934 0.62708 -0.640766
-4.64028 25.2283 -23.1986 0.869697 0.306843 -0.442934 0.62708 -0.640766
-3.97573 23.8969 -24.961 0.856822 0.316384 -0.442934 0.62708 -0.640766
-4.64028 23.8997 -24.5272 0.859969 0.316393 -0.442934 0.62708 -0.640766
-3.97573 25.4346 -23.4845 0.867637 0.305327 -0.442934 0.62708 -0.640766
-3.97573 26.1742 -19.4297 0.900505 0.28909 0 0.926705 -0.375789
-0.000246 26.6848 -18.2695 0.908999 0.260111 0 0.926705 -0.375789
-0.000246 26.1742 -19.4298 0.900505 0.260111 0 0.926705 -0.375789
-3.97573 26.6848 -18.2695 0.908999 0.28909 0 0.926705 -0.375789
-0.000246 26.6848 -18.2695 0.908999 0.260111 0 0.926705 -0.375789
-3.97573 26.1742 -19.4297 0.900505 0.28909 0 0.926705 -0.375789
-3.97573 22.6982 -19.3975 0.896121 0.332473 0 -0.999957 0.009286
-0.000246 22.6745 -21.9522 0.875126 0.365133 0 -0.999957 0.009286
-0.000246 22.6982 -19.3975 0.896121 0.365133 0 -0.999957 0.009286
-3.97573 22.6982 -19.3975 0.896121 0.332473 0 -0.999957 0.009286
-1.03242 22.6745 -21.9522 0.875126 0.356661 0 -0.999957 0.009286
-0.000246 22.6745 -21.9522 0.875126 0.365133 0 -0.999957 0.009286
-3.97573 22.6982 -19.3975 0.896121 0.332473 0 -0.999957 0.009286
-1.46257 22.6745 -21.9522 0.875127 0.353126 0 -0.999957 0.009286
-1.03242 22.6745 -21.9522 0.875126 0.356661 0 -0.999957 0.009286
-3.53485 22.6745 -21.9522 0.875127 0.336097 0 -0.999957 0.009286
-3.97573 22.6982 -19.3975 0.896121 0.332473 0 -0.999957 0.009286
-3.97573 22.6745 -21.9522 0.875126 0.332473 0 -0.999957 0.009286
-3.97573 22.6982 -19.3975 0.896121 0.332473 0 -0.999957 0.009286
-3.53485 22.6745 -21.9522 0.875127 0.336097 0 -0.999957 0.009286
-1.46257 22.6745 -21.9522 0.875127 0.353126 0 -0.999957 0.009286
-4.64028 23.0406 -19.4006 0.897105 0.322971 -1 0 -0
-4.64028 25.6933 -18.2603 0.905557 0.303802 -1 0 -0
-4.64028 25.6825 -19.4252 0.897105 0.303802 -1 0 -0
-4.64028 23.0514 -18.2358 0.905557 0.322971 -1 0 -0
-4.64028 25.6933 -18.2603 0.905557 0.303802 -1 0 -0
-4.64028 23.0406 -19.4006 0.897105 0.322971 -1 0 -0
-3.97573 22.6982 -19.3975 0.897105 0.325455 -1 0 -0
-3.97573 22.8426 -18.2338 0.905557 0.324486 -1 0 -0
-3.97573 22.8318 -19.3987 0.897105 0.324486 -1 0 -0
-3.97573 22.709 -18.2326 0.905557 0.325455 -1 0 -0
-3.97573 22.8426 -18.2338 0.905557 0.324486 -1 0 -0
-3.97573 22.6982 -19.3975 0.897105 0.325455 -1 0 -0
-3.97573 25.8914 -19.4271 0.897105 0.302286 -1 0 -0
-3.97573 25.8735 -21.9878 0.878524 0.302243 -1 0 -0
-3.97573 25.604 -21.9794 0.878568 0.304199 -1 0 -0
-3.97573 26.1742 -19.4297 0.897105 0.300234 -1 0 -0
-3.97573 25.8735 -21.9878 0.878524 0.302243 -1 0 -0
-3.97573 25.8914 -19.4271 0.897105 0.302286 -1 0 -0
-3.97573 22.8318 -19.3987 0.897105 0.324486 -0.299863 -0.953941 0.008859
-4.64028 23.0514 -18.2358 0.905557 0.322971 -0.299863 -0.953941 0.008859
-4.64028 23.0406 -19.4006 0.897105 0.322971 -0.299863 -0.953941 0.008859
-3.97573 22.8426 -18.2338 0.905557 0.324486 -0.299863 -0.953941 0.008859
-4.64028 23.0514 -18.2358 0.905557 0.322971 -0.299863 -0.953941 0.008859
-3.97573 22.8318 -19.3987 0.897105 0.324486 -0.299863 -0.953941 0.008859
-4.64028 25.6825 -19.4252 0.897105 0.303802 -0.311122 0.943988 -0.109957
-3.97573 25.604 -21.9794 0.878568 0.304199 -0.311122 0.943988 -0.109957
-4.64028 25.3753 -21.9773 0.878568 0.305858 -0.311122 0.943988 -0.109957
-3.97573 25.8914 -19.4271 0.897105 0.302286 -0.311122 0.943988 -0.109957
-3.97573 25.604 -21.9794 0.878568 0.304199 -0.311122 0.943988 -0.109957
-4.64028 25.6825 -19.4252 0.897105 0.303802 -0.311122 0.943988 -0.109957
-3.97573 22.709 -18.2326 0.905693 0.332473 0 -0.999957 0.009286
-0.000246 22.6982 -19.3975 0.896121 0.365133 0 -0.999957 0.009286
-0.000246 22.709 -18.2326 0.905693 0.365133 0 -0.999957 0.009286
-3.97573 22.6982 -19.3975 0.896121 0.332473 0 -0.999957 0.009286
-0.000246 22.6982 -19.3975 0.896121 0.365133 0 -0.999957 0.009286
-3.97573 22.709 -18.2326 0.905693 0.332473 0 -0.999957 0.009286
-3.97573 25.9022 -18.2622 0.905557 0.302286 -1 0 -0
-3.97573 26.1742 -19.4297 0.897105 0.300234 -1 0 -0
-3.97573 25.8914 -19.4271 0.897105 0.302286 -1 0 -0
-3.97573 26.6848 -18.2695 0.905557 0.296608 -1 0 -0
-3.97573 26.1742 -19.4297 0.897105 0.300234 -1 0 -0
-3.97573 25.9022 -18.2622 0.905557 0.302286 -1 0 -0
-3.97573 25.9022 -18.2622 0.905557 0.302286 -0.299862 0.953942 -0.008859
-4.64028 25.6825 -19.4252 0.897105 0.303802 -0.299862 0.953942 -0.008859
-4.64028 25.6933 -18.2603 0.905557 0.303802 -0.299862 0.953942 -0.008859
-3.97573 25.8914 -19.4271 0.897105 0.302286 -0.299862 0.953942 -0.008859
-4.64028 25.6825 -19.4252 0.897105 0.303802 -0.299862 0.953942 -0.008859
-3.97573 25.9022 -18.2622 0.905557 0.302286 -0.299862 0.953942 -0.008859
-3.97573 26.6848 -18.2695 0.908999 0.28909 0 0.991113 0.133024
-0.000246 25.9813 -14.6858 0.935083 0.260111 0 0.991113 0.133024
-0.000246 26.6848 -18.2695 0.908999 0.260111 0 0.991113 0.133024
-3.97573 25.9813 -14.6858 0.935083 0.28909 0 0.991113 0.133024
-0.000246 25.9813 -14.6858 0.935083 0.260111 0 0.991113 0.133024
-3.97573 26.6848 -18.2695 0.908999 0.28909 0 0.991113 0.133024
-4.64028 23.0514 -18.2358 0.905557 0.322971 -1 0 -0
-4.64028 25.541 -15.2439 0.927431 0.30511 -1 0 -0
-4.64028 25.6933 -18.2603 0.905557 0.303802 -1 0 -0
-4.64028 23.0773 -15.4466 0.925795 0.322971 -1 0 -0
-4.64028 25.541 -15.2439 0.927431 0.30511 -1 0 -0
-4.64028 23.0514 -18.2358 0.905557 0.322971 -1 0 -0
-4.64028 23.0773 -15.4466 0.925795 0.322971 -1 0 -0
-4.64028 23.4737 -15.1665 0.927854 0.320115 -1 0 -0
-4.64028 25.541 -15.2439 0.927431 0.30511 -1 0 -0
-3.97573 22.709 -18.2326 0.905557 0.325455 -0.999831 -0.018366 0.000972
-3.97573 22.871 -15.1699 0.927789 0.324486 -0.999831 -0.018366 0.000972
-3.97573 22.8426 -18.2338 0.905557 0.324486 -0.999831 -0.018366 0.000972
-3.97059 22.7402 -14.8733 0.929931 0.325455 -0.999831 -0.018366 0.000972
-3.97573 22.871 -15.1699 0.927789 0.324486 -0.999831 -0.018366 0.000972
-3.97573 22.709 -18.2326 0.905557 0.325455 -0.999831 -0.018366 0.000972
-3.97573 22.8426 -18.2338 0.905557 0.324486 -0.299862 -0.953941 0.008859
-4.64028 23.0773 -15.4466 0.925795 0.322971 -0.299862 -0.953941 0.008859
-4.64028 23.0514 -18.2358 0.905557 0.322971 -0.299862 -0.953941 0.008859
-3.97573 22.871 -15.1699 0.927789 0.324486 -0.299862 -0.953941 0.008859
-4.64028 23.0773 -15.4466 0.925795 0.322971 -0.299862 -0.953941 0.008859
-3.97573 22.8426 -18.2338 0.905557 0.324486 -0.299862 -0.953941 0.008859
-0.000246 23.1702 -14.6065 0.850796 0.332979 -0.000949 -0.520682 0.85375
-3.97059 22.7402 -14.8733 0.809694 0.337406 -0.000949 -0.520682 0.85375
-0.000246 22.7403 -14.864 0.850796 0.337406 -0.000949 -0.520682 0.85375
-3.97573 23.1702 -14.6065 0.809641 0.332979 -0.000949 -0.520682 0.85375
-3.97059 22.7402 -14.8733 0.809694 0.337406 -0.000949 -0.520682 0.85375
-0.000246 23.1702 -14.6065 0.850796 0.332979 -0.000949 -0.520682 0.85375
-3.97059 22.7402 -14.8733 0.929931 0.325455 -0.99994 -0.009645 0.005122
-3.97573 23.2715 -14.8775 0.929937 0.321601 -0.99994 -0.009645 0.005122
-3.97573 22.871 -15.1699 0.927789 0.324486 -0.99994 -0.009645 0.005122
-3.97573 23.1702 -14.6065 0.931896 0.322354 -0.99994 -0.009645 0.005122
-3.97573 23.2715 -14.8775 0.929937 0.321601 -0.99994 -0.009645 0.005122
-3.97059 22.7402 -14.8733 0.929931 0.325455 -0.99994 -0.009645 0.005122
-3.97573 23.2715 -14.8775 0.929937 0.321601 -0.464842 -0.516661 0.719016
-4.64028 23.0773 -15.4466 0.925795 0.322971 -0.464842 -0.516661 0.719016
-3.97573 22.871 -15.1699 0.927789 0.324486 -0.464842 -0.516661 0.719016
-4.64028 23.4737 -15.1665 0.927854 0.320115 -0.464842 -0.516661 0.719016
-4.64028 23.0773 -15.4466 0.925795 0.322971 -0.464842 -0.516661 0.719016
-3.97573 23.2715 -14.8775 0.929937 0.321601 -0.464842 -0.516661 0.719016
-1.03242 25.8735 -21.9878 0.881833 0.267628 0 0.993245 -0.116038
-0.000246 26.1742 -19.4298 0.900505 0.260111 0 0.993245 -0.116038
-0.000246 25.8735 -21.9878 0.881833 0.260111 0 0.993245 -0.116038
-1.03242 25.8735 -21.9878 0.881833 0.267628 0 0.993245 -0.116038
-3.97573 26.1742 -19.4297 0.900505 0.28909 0 0.993245 -0.116038
-0.000246 26.1742 -19.4298 0.900505 0.260111 0 0.993245 -0.116038
-1.46257 25.8735 -21.9878 0.881833 0.270764 0 0.993245 -0.116038
-3.97573 26.1742 -19.4297 0.900505 0.28909 0 0.993245 -0.116038
-1.03242 25.8735 -21.9878 0.881833 0.267628 0 0.993245 -0.116038
-3.97573 26.1742 -19.4297 0.900505 0.28909 0 0.993245 -0.116038
-3.53485 25.8735 -21.9878 0.881833 0.285875 0 0.993245 -0.116038
-3.97573 25.8735 -21.9878 0.881833 0.28909 0 0.993245 -0.116038
-1.46257 25.8735 -21.9878 0.881833 0.270764 0 0.993245 -0.116038
-3.53485 25.8735 -21.9878 0.881833 0.285875 0 0.993245 -0.116038
-3.97573 26.1742 -19.4297 0.900505 0.28909 0 0.993245 -0.116038
-4.64028 25.3753 -21.9773 0.878568 0.305858 -1 0 -0
-4.64028 23.0406 -19.4006 0.897105 0.322971 -1 0 -0
-4.64028 25.6825 -19.4252 0.897105 0.303802 -1 0 -0
-4.64028 23.0169 -21.9554 0.878568 0.322971 -1 0 -0
-4.64028 23.0406 -19.4006 0.897105 0.322971 -1 0 -0
-4.64028 25.3753 -21.9773 0.878568 0.305858 -1 0 -0
-3.97573 22.6745 -21.9522 0.878568 0.325455 -1 1e-06 -0
-3.97573 22.8318 -19.3987 0.897105 0.324486 -1 1e-06 -0
-3.97573 22.808 -21.9535 0.878568 0.324486 -1 1e-06 -0
-3.97573 22.6982 -19.3975 0.897105 0.325455 -1 1e-06 -0
-3.97573 22.8318 -19.3987 0.897105 0.324486 -1 1e-06 -0
-3.97573 22.6745 -21.9522 0.878568 0.325455 -1 1e-06 -0
-3.97573 22.808 -21.9535 0.878568 0.324486 -0.299863 -0.953941 0.008859
-4.64028 23.0406 -19.4006 0.897105 0.322971 -0.299863 -0.953941 0.008859
-4.64028 23.0169 -21.9554 0.878568 0.322971 -0.299863 -0.953941 0.008859
-3.97573 22.8318 -19.3987 0.897105 0.324486 -0.299863 -0.953941 0.008859
-4.64028 23.0406 -19.4006 0.897105 0.322971 -0.299863 -0.953941 0.008859
-3.97573 22.808 -21.9535 0.878568 0.324486 -0.299863 -0.953941 0.008859
-1.03242 22.6745 -21.9522 0.875126 0.356661 0 -0.999957 0.009286
-0.000246 22.6523 -24.3362 0.855535 0.365133 0 -0.999957 0.009286
-0.000246 22.6745 -21.9522 0.875126 0.365133 0 -0.999957 0.009286
-1.03242 22.6523 -24.3362 0.855535 0.356661 0 -0.999957 0.009286
-0.000246 22.6523 -24.3362 0.855535 0.365133 0 -0.999957 0.009286
-1.03242 22.6745 -21.9522 0.875126 0.356661 0 -0.999957 0.009286
-3.97573 25.8735 -21.9878 0.878524 0.302243 -1 -1e-06 0
-3.97573 25.4346 -23.4845 0.867637 0.305327 -1 -1e-06 0
-3.97573 25.604 -21.9794 0.878568 0.304199 -1 -1e-06 0
-3.97573 25.675 -23.6683 0.86632 0.30357 -1 -1e-06 0
-3.97573 25.4346 -23.4845 0.867637 0.305327 -1 -1e-06 0
-3.97573 25.8735 -21.9878 0.878524 0.302243 -1 -1e-06 0
-3.97573 25.604 -21.9794 0.878568 0.304199 -0.33039 0.93755 -0.108827
-4.64028 25.2283 -23.1986 0.869697 0.306843 -0.33039 0.93755 -0.108827
-4.64028 25.3753 -21.9773 0.878568 0.305858 -0.33039 0.93755 -0.108827
-3.97573 25.4346 -23.4845 0.867637 0.305327 -0.33039 0.93755 -0.108827
-4.64028 25.2283 -23.1986 0.869697 0.306843 -0.33039 0.93755 -0.108827
-3.97573 25.604 -21.9794 0.878568 0.304199 -0.33039 0.93755 -0.108827
-3.53485 22.6523 -24.3362 0.849342 0.298154 0 -0.629563 -0.776949
-3.97573 23.8941 -25.3424 0.854304 0.284073 0 -0.629563 -0.776949
-3.53485 23.8941 -25.3424 0.849342 0.284073 0 -0.629563 -0.776949
-3.97573 22.6523 -24.3362 0.854304 0.298154 0 -0.629563 -0.776949
-3.97573 23.8941 -25.3424 0.854304 0.284073 0 -0.629563 -0.776949
-3.53485 22.6523 -24.3362 0.849342 0.298154 0 -0.629563 -0.776949
-3.53485 25.675 -23.6683 0.869566 0.285875 0 0.992963 -0.118422
-3.97573 25.8735 -21.9878 0.881833 0.28909 0 0.992963 -0.118422
-3.53485 25.8735 -21.9878 0.881833 0.285875 0 0.992963 -0.118422
-3.97573 25.675 -23.6683 0.869566 0.28909 0 0.992963 -0.118422
-3.97573 25.8735 -21.9878 0.881833 0.28909 0 0.992963 -0.118422
-3.53485 25.675 -23.6683 0.869566 0.285875 0 0.992963 -0.118422
-3.53485 23.8941 -25.3424 0.849342 0.284073 0 0.684929 -0.72861
-3.97573 25.675 -23.6683 0.854304 0.264205 0 0.684929 -0.72861
-3.53485 25.675 -23.6683 0.849342 0.264205 0 0.684929 -0.72861
-3.97573 23.8941 -25.3424 0.854304 0.284073 0 0.684929 -0.72861
-3.97573 25.675 -23.6683 0.854304 0.264205 0 0.684929 -0.72861
-3.53485 23.8941 -25.3424 0.849342 0.284073 0 0.684929 -0.72861
-3.53485 22.6745 -21.9522 0.875127 0.336097 0 -0.999957 0.009286
-3.97573 22.6523 -24.3362 0.855535 0.332474 0 -0.999957 0.009286
-3.53485 22.6523 -24.3362 0.855535 0.336097 0 -0.999957 0.009286
-3.97573 22.6745 -21.9522 0.875126 0.332473 0 -0.999957 0.009286
-3.97573 22.6523 -24.3362 0.855535 0.332474 0 -0.999957 0.009286
-3.53485 22.6745 -21.9522 0.875127 0.336097 0 -0.999957 0.009286
-1.03242 22.6523 -24.3362 0.821177 0.298154 0 -0.629563 -0.776949
-1.46257 23.8941 -25.3424 0.826019 0.284073 0 -0.629563 -0.776949
-1.03242 23.8941 -25.3424 0.821177 0.284073 0 -0.629563 -0.776949
-1.46257 22.6523 -24.3362 0.826019 0.298154 0 -0.629563 -0.776949
-1.46257 23.8941 -25.3424 0.826019 0.284073 0 -0.629563 -0.776949
-1.03242 22.6523 -24.3362 0.821177 0.298154 0 -0.629563 -0.776949
-1.03242 25.8735 -21.9878 0.881833 0.267628 0.005678 0.992947 -0.11842
-1.46257 25.675 -23.6683 0.869566 0.270764 0.005678 0.992947 -0.11842
-1.46257 25.8735 -21.9878 0.881833 0.270764 0.005678 0.992947 -0.11842
-1.03242 25.8687 -21.9875 0.881836 0.267628 0.005678 0.992947 -0.11842
-1.46257 25.675 -23.6683 0.869566 0.270764 0.005678 0.992947 -0.11842
-1.03242 25.8735 -21.9878 0.881833 0.267628 0.005678 0.992947 -0.11842
-1.03242 25.8687 -21.9875 0.881836 0.267628 0.005678 0.992947 -0.11842
-1.03242 25.675 -23.6683 0.869566 0.267628 0.005678 0.992947 -0.11842
-1.46257 25.675 -23.6683 0.869566 0.270764 0.005678 0.992947 -0.11842
-1.03242 23.8941 -25.3424 0.821177 0.284073 0 0.684929 -0.72861
-1.46257 25.675 -23.6683 0.826019 0.264205 0 0.684929 -0.72861
-1.03242 25.675 -23.6683 0.821177 0.264205 0 0.684929 -0.72861
-1.46257 23.8941 -25.3424 0.826019 0.284073 0 0.684929 -0.72861
-1.46257 25.675 -23.6683 0.826019 0.264205 0 0.684929 -0.72861
-1.03242 23.8941 -25.3424 0.821177 0.284073 0 0.684929 -0.72861
-1.03242 22.6745 -21.9522 0.875126 0.356661 0 -0.999957 0.009286
-1.46257 22.6523 -24.3362 0.855535 0.353126 0 -0.999957 0.009286
-1.03242 22.6523 -24.3362 0.855535 0.356661 0 -0.999957 0.009286
-1.46257 22.6745 -21.9522 0.875127 0.353126 0 -0.999957 0.009286
-1.46257 22.6523 -24.3362 0.855535 0.353126 0 -0.999957 0.009286
-1.03242 22.6745 -21.9522 0.875126 0.356661 0 -0.999957 0.009286
-1.46257 22.6523 -24.3362 0.826019 0.298154 0 -0.629563 -0.776949
-3.53485 23.8941 -25.3424 0.849342 0.284073 0 -0.629563 -0.776949
-1.46257 23.8941 -25.3424 0.826019 0.284073 0 -0.629563 -0.776949
-3.53485 22.6523 -24.3362 0.849342 0.298154 0 -0.629563 -0.776949
-3.53485 23.8941 -25.3424 0.849342 0.284073 0 -0.629563 -0.776949
-1.46257 22.6523 -24.3362 0.826019 0.298154 0 -0.629563 -0.776949
-1.46257 23.9164 -22.4163 0.843567 0.365357 -1 0 -0
-1.46257 25.675 -23.6683 0.831242 0.347701 -1 0 -0
-1.46257 23.8941 -25.3424 0.814379 0.365308 -1 0 -0
-1.46257 25.8735 -21.9878 0.848021 0.345876 -1 0 -0
-1.46257 25.675 -23.6683 0.831242 0.347701 -1 0 -0
-1.46257 23.9164 -22.4163 0.843567 0.365357 -1 0 -0
-1.46257 22.6745 -21.9522 0.875127 0.353126 0 -0.999957 0.009286
-3.53485 22.6523 -24.3362 0.855535 0.336097 0 -0.999957 0.009286
-1.46257 22.6523 -24.3362 0.855535 0.353126 0 -0.999957 0.009286
-3.53485 22.6745 -21.9522 0.875127 0.336097 0 -0.999957 0.009286
-3.53485 22.6523 -24.3362 0.855535 0.336097 0 -0.999957 0.009286
-1.46257 22.6745 -21.9522 0.875127 0.353126 0 -0.999957 0.009286
-0.000246 23.9097 -22.4164 0.878575 0.260111 0.004387 0.999967 -0.006876
-1.03242 23.8941 -25.3424 0.85724 0.267628 0.004387 0.999967 -0.006876
-1.03242 23.9188 -22.4151 0.878586 0.267628 0.004387 0.999967 -0.006876
-0.000246 23.8941 -25.3424 0.85724 0.260111 0.004387 0.999967 -0.006876
-1.03242 23.8941 -25.3424 0.85724 0.267628 0.004387 0.999967 -0.006876
-0.000246 23.9097 -22.4164 0.878575 0.260111 0.004387 0.999967 -0.006876
-3.53485 25.675 -23.6683 0.831242 0.347701 1 0 -0
-3.53485 23.9151 -22.4108 0.843621 0.365371 1 0 -0
-3.53485 23.8941 -25.3424 0.814379 0.365308 1 0 -0
-3.53485 25.8735 -21.9878 0.848021 0.345876 1 0 -0
-3.53485 23.9151 -22.4108 0.843621 0.365371 1 0 -0
-3.53485 25.675 -23.6683 0.831242 0.347701 1 0 -0
-3.53485 23.8941 -25.3424 0.85724 0.285875 -0.000303 0.999973 -0.00739
-1.46257 23.9164 -22.4163 0.878577 0.270764 -0.000303 0.999973 -0.00739
-1.46257 23.8941 -25.3424 0.85724 0.270764 -0.000303 0.999973 -0.00739
-3.53485 23.9151 -22.4108 0.878616 0.285875 -0.000303 0.999973 -0.00739
-1.46257 23.9164 -22.4163 0.878577 0.270764 -0.000303 0.999973 -0.00739
-3.53485 23.8941 -25.3424 0.85724 0.285875 -0.000303 0.999973 -0.00739
-3.53485 25.8735 -21.9878 0.849342 0.262145 -0.001241 0.204486 -0.978869
-1.46257 23.9164 -22.4163 0.826019 0.284128 -0.001241 0.204486 -0.978869
-3.53485 23.9151 -22.4108 0.849342 0.284143 -0.001241 0.204486 -0.978869
-1.46257 25.8735 -21.9878 0.826019 0.262145 -0.001241 0.204486 -0.978869
-1.46257 23.9164 -22.4163 0.826019 0.284128 -0.001241 0.204486 -0.978869
-3.53485 25.8735 -21.9878 0.849342 0.262145 -0.001241 0.204486 -0.978869
-1.03242 23.9188 -22.4151 0.821177 0.284102 -0.000405 0.205392 -0.97868
-0.000246 25.8735 -21.9878 0.809574 0.262145 -0.000405 0.205392 -0.97868
-0.000246 23.9097 -22.4164 0.809574 0.284204 -0.000405 0.205392 -0.97868
-0.000246 25.8735 -21.9878 0.809574 0.262145 -0.000405 0.205392 -0.97868
-1.03242 25.8687 -21.9875 0.821177 0.262201 -0.000405 0.205392 -0.97868
-1.03242 25.8735 -21.9878 0.821177 0.262145 -0.000405 0.205392 -0.97868
-0.000246 25.8735 -21.9878 0.809574 0.262145 -0.000405 0.205392 -0.97868
-1.03242 23.9188 -22.4151 0.821177 0.284102 -0.000405 0.205392 -0.97868
-1.03242 25.8687 -21.9875 0.821177 0.262201 -0.000405 0.205392 -0.97868
3.59696 26.1243 -14.293 0.770846 0.260677 0.673706 0.676497 0.297442
2.67277 26.1078 -13.7131 0.765668 0.268641 0 0.825249 0.564769
3.31082 25.8436 -13.7106 0.765668 0.260677 0.579806 0.585097 0.566998
2.67277 26.5071 -14.2965 0.770846 0.268641 0 0.955543 0.294851
2.67277 26.1078 -13.7131 0.765668 0.268641 0 0.825249 0.564769
3.59696 26.1243 -14.293 0.770846 0.260677 0.673706 0.676497 0.297442
2.67277 26.5071 -14.2965 0.770846 0.268641 0 0.955543 0.294851
2.03472 25.8436 -13.7106 0.765668 0.276605 -0.579806 0.585096 0.566999
2.67277 26.1078 -13.7131 0.765668 0.268641 0 0.825249 0.564769
1.74858 26.1243 -14.293 0.770846 0.276604 -0.673706 0.676497 0.297443
2.03472 25.8436 -13.7106 0.765668 0.276605 -0.579806 0.585096 0.566999
2.67277 26.5071 -14.2965 0.770846 0.268641 0 0.955543 0.294851
1.74858 26.1243 -14.293 0.770846 0.276604 -0.673706 0.676497 0.297443
1.77043 25.2055 -13.7047 0.765668 0.284568 -0.819969 0.005315 0.572383
2.03472 25.8436 -13.7106 0.765668 0.276605 -0.579806 0.585096 0.566999
1.36577 25.2002 -14.2844 0.770846 0.284568 -0.952764 0.00282 0.303698
1.77043 25.2055 -13.7047 0.765668 0.284568 -0.819969 0.005315 0.572383
1.74858 26.1243 -14.293 0.770846 0.276604 -0.673706 0.676497 0.297443
1.36577 25.2002 -14.2844 0.770846 0.284568 -0.952764 0.00282 0.303698
2.03472 24.5675 -13.6988 0.765668 0.292532 -0.579806 -0.574465 0.577767
1.77043 25.2055 -13.7047 0.765668 0.284568 -0.819969 0.005315 0.572383
1.74858 24.276 -14.2758 0.770846 0.292531 -0.673706 -0.670857 0.309954
2.03472 24.5675 -13.6988 0.765668 0.292532 -0.579806 -0.574465 0.577767
1.36577 25.2002 -14.2844 0.770846 0.284568 -0.952764 0.00282 0.303698
1.74858 24.276 -14.2758 0.770846 0.292531 -0.673706 -0.670857 0.309954
2.67277 24.3032 -13.6963 0.765668 0.300495 0 -0.814618 0.579998
2.03472 24.5675 -13.6988 0.765668 0.292532 -0.579806 -0.574465 0.577767
2.67277 23.8932 -14.2722 0.770846 0.300495 0 -0.949903 0.312545
2.67277 24.3032 -13.6963 0.765668 0.300495 0 -0.814618 0.579998
1.74858 24.276 -14.2758 0.770846 0.292531 -0.673706 -0.670857 0.309954
2.67277 23.8932 -14.2722 0.770846 0.300495 0 -0.949903 0.312545
3.31082 24.5675 -13.6988 0.765668 0.308459 0.579805 -0.574466 0.577768
2.67277 24.3032 -13.6963 0.765668 0.300495 0 -0.814618 0.579998
3.59696 24.276 -14.2758 0.770846 0.308459 0.673706 -0.670857 0.309954
3.31082 24.5675 -13.6988 0.765668 0.308459 0.579805 -0.574466 0.577768
2.67277 23.8932 -14.2722 0.770846 0.300495 0 -0.949903 0.312545
3.59696 24.276 -14.2758 0.770846 0.308459 0.673706 -0.670857 0.309954
3.57511 25.2055 -13.7047 0.765668 0.316423 0.819969 0.005315 0.572383
3.31082 24.5675 -13.6988 0.765668 0.308459 0.579805 -0.574466 0.577768
3.97977 25.2002 -14.2844 0.770845 0.316422 0.952764 0.00282 0.303698
3.57511 25.2055 -13.7047 0.765668 0.316423 0.819969 0.005315 0.572383
3.59696 24.276 -14.2758 0.770846 0.308459 0.673706 -0.670857 0.309954
3.97977 25.2002 -14.2844 0.770845 0.316422 0.952764 0.00282 0.303698
3.31082 25.8436 -13.7106 0.765667 0.324386 0.579806 0.585097 0.566998
3.57511 25.2055 -13.7047 0.765668 0.316423 0.819969 0.005315 0.572383
3.59696 26.1243 -14.293 0.770845 0.324386 0.673706 0.676497 0.297442
3.31082 25.8436 -13.7106 0.765667 0.324386 0.579806 0.585097 0.566998
3.97977 25.2002 -14.2844 0.770845 0.316422 0.952764 0.00282 0.303698
2.67277 25.2055 -13.7047 0.782846 0.346576 0 0.009286 0.999957
3.31082 25.8436 -13.7106 0.79712 0.360847 0 0.009286 0.999957
2.67277 26.1078 -13.7131 0.803031 0.346575 0 0.009286 0.999957
2.67277 25.2055 -13.7047 0.782846 0.346576 0 0.009286 0.999957
2.67277 26.1078 -13.7131 0.803031 0.346575 0 0.009286 0.999957
2.03472 25.8436 -13.7106 0.797119 0.332301 0 0.009286 0.999957
2.67277 25.2055 -13.7047 0.782846 0.346576 0 0.009286 0.999957
2.03472 25.8436 -13.7106 0.797119 0.332301 0 0.009286 0.999957
1.77043 25.2055 -13.7047 0.782846 0.326391 0 0.009286 0.999957
2.67277 25.2055 -13.7047 0.782846 0.346576 0 0.009286 0.999957
1.77043 25.2055 -13.7047 0.782846 0.326391 0 0.009286 0.999957
2.03472 24.5675 -13.6988 0.768573 0.332303 0 0.009286 0.999957
2.67277 25.2055 -13.7047 0.782846 0.346576 0 0.009286 0.999957
2.03472 24.5675 -13.6988 0.768573 0.332303 0 0.009286 0.999957
2.67277 24.3032 -13.6963 0.762661 0.346576 0 0.009286 0.999957
2.67277 25.2055 -13.7047 0.782846 0.346576 0 0.009286 0.999957
2.67277 24.3032 -13.6963 0.762661 0.346576 0 0.009286 0.999957
3.31082 24.5675 -13.6988 0.768573 0.360849 0 0.009286 0.999957
2.67277 25.2055 -13.7047 0.782846 0.346576 0 0.009286 0.999957
3.31082 24.5675 -13.6988 0.768573 0.360849 0 0.009286 0.999957
3.57511 25.2055 -13.7047 0.782846 0.366761 0 0.009286 0.999957
2.67277 25.2055 -13.7047 0.782846 0.346576 0 0.009286 0.999957
3.57511 25.2055 -13.7047 0.782846 0.366761 0 0.009286 0.999957
3.31082 25.8436 -13.7106 0.79712 0.360847 0 0.009286 0.999957
3.59696 26.0926 -17.7033 0.80131 0.260676 0.707107 0.707076 -0.006566
2.67277 26.5071 -14.2965 0.770846 0.268641 0 0.955543 0.294851
3.59696 26.1243 -14.293 0.770846 0.260677 0.673706 0.676497 0.297442
2.67277 26.4754 -17.7069 0.801311 0.268639 0 0.999957 -0.009286
2.67277 26.5071 -14.2965 0.770846 0.268641 0 0.955543 0.294851
3.59696 26.0926 -17.7033 0.80131 0.260676 0.707107 0.707076 -0.006566
2.67277 26.4754 -17.7069 0.801311 0.268639 0 0.999957 -0.009286
1.74858 26.1243 -14.293 0.770846 0.276604 -0.673706 0.676497 0.297443
2.67277 26.5071 -14.2965 0.770846 0.268641 0 0.955543 0.294851
1.74858 26.0926 -17.7033 0.801311 0.276603 -0.707107 0.707076 -0.006566
1.74858 26.1243 -14.293 0.770846 0.276604 -0.673706 0.676497 0.297443
2.67277 26.4754 -17.7069 0.801311 0.268639 0 0.999957 -0.009286
1.74858 26.0926 -17.7033 0.801311 0.276603 -0.707107 0.707076 -0.006566
1.36577 25.2002 -14.2844 0.770846 0.284568 -0.952764 0.00282 0.303698
1.74858 26.1243 -14.293 0.770846 0.276604 -0.673706 0.676497 0.297443
1.36577 25.1685 -17.6947 0.80131 0.284567 -1 0 -0
1.36577 25.2002 -14.2844 0.770846 0.284568 -0.952764 0.00282 0.303698
1.74858 26.0926 -17.7033 0.801311 0.276603 -0.707107 0.707076 -0.006566
1.36577 25.1685 -17.6947 0.80131 0.284567 -1 0 -0
1.74858 24.276 -14.2758 0.770846 0.292531 -0.673706 -0.670857 0.309954
1.36577 25.2002 -14.2844 0.770846 0.284568 -0.952764 0.00282 0.303698
1.74858 24.2443 -17.6862 0.80131 0.29253 -0.707107 -0.707076 0.006566
1.74858 24.276 -14.2758 0.770846 0.292531 -0.673706 -0.670857 0.309954
1.36577 25.1685 -17.6947 0.80131 0.284567 -1 0 -0
1.74858 24.2443 -17.6862 0.80131 0.29253 -0.707107 -0.707076 0.006566
2.67277 23.8932 -14.2722 0.770846 0.300495 0 -0.949903 0.312545
1.74858 24.276 -14.2758 0.770846 0.292531 -0.673706 -0.670857 0.309954
2.67277 23.8615 -17.6826 0.80131 0.300494 0 -0.999957 0.009286
2.67277 23.8932 -14.2722 0.770846 0.300495 0 -0.949903 0.312545
1.74858 24.2443 -17.6862 0.80131 0.29253 -0.707107 -0.707076 0.006566
2.67277 23.8615 -17.6826 0.80131 0.300494 0 -0.999957 0.009286
3.59696 24.276 -14.2758 0.770846 0.308459 0.673706 -0.670857 0.309954
2.67277 23.8932 -14.2722 0.770846 0.300495 0 -0.949903 0.312545
3.59696 24.2443 -17.6862 0.80131 0.308457 0.707107 -0.707076 0.006566
3.59696 24.276 -14.2758 0.770846 0.308459 0.673706 -0.670857 0.309954
2.67277 23.8615 -17.6826 0.80131 0.300494 0 -0.999957 0.009286
3.59696 24.2443 -17.6862 0.80131 0.308457 0.707107 -0.707076 0.006566
3.97977 25.2002 -14.2844 0.770845 0.316422 0.952764 0.00282 0.303698
3.59696 24.276 -14.2758 0.770846 0.308459 0.673706 -0.670857 0.309954
3.97977 25.1685 -17.6947 0.80131 0.316421 1 0 -0
3.97977 25.2002 -14.2844 0.770845 0.316422 0.952764 0.00282 0.303698
3.59696 24.2443 -17.6862 0.80131 0.308457 0.707107 -0.707076 0.006566
3.97977 25.1685 -17.6947 0.80131 0.316421 1 0 -0
3.59696 26.1243 -14.293 0.770845 0.324386 0.673706 0.676497 0.297442
3.97977 25.2002 -14.2844 0.770845 0.316422 0.952764 0.00282 0.303698
3.59696 26.0926 -17.7033 0.80131 0.324385 0.707107 0.707076 -0.006566
3.59696 26.1243 -14.293 0.770845 0.324386 0.673706 0.676497 0.297442
3.97977 25.1685 -17.6947 0.80131 0.316421 1 0 -0
0.924441 26.1243 -14.293 0.770846 0.260677 0.673706 0.676497 0.297442
0.000251 26.1078 -13.7131 0.765668 0.268641 0 0.825249 0.564769
0.638302 25.8436 -13.7106 0.765668 0.260677 0.579806 0.585097 0.566998
0.000251 26.5071 -14.2965 0.770846 0.268641 0 0.955543 0.294851
0.000251 26.1078 -13.7131 0.765668 0.268641 0 0.825249 0.564769
0.924441 26.1243 -14.293 0.770846 0.260677 0.673706 0.676497 0.297442
0.000251 26.5071 -14.2965 0.770846 0.268641 0 0.955543 0.294851
-0.6378 25.8436 -13.7106 0.765668 0.276605 -0.579806 0.585096 0.566999
0.000251 26.1078 -13.7131 0.765668 0.268641 0 0.825249 0.564769
-0.923938 26.1243 -14.293 0.770846 0.276604 -0.673706 0.676497 0.297443
-0.6378 25.8436 -13.7106 0.765668 0.276605 -0.579806 0.585096 0.566999
0.000251 26.5071 -14.2965 0.770846 0.268641 0 0.955543 0.294851
-0.923938 26.1243 -14.293 0.770846 0.276604 -0.673706 0.676497 0.297443
-0.902089 25.2055 -13.7047 0.765668 0.284568 -0.819969 0.005315 0.572383
-0.6378 25.8436 -13.7106 0.765668 0.276605 -0.579806 0.585096 0.566999
-1.30675 25.2002 -14.2844 0.770846 0.284568 -0.952764 0.00282 0.303698
-0.902089 25.2055 -13.7047 0.765668 0.284568 -0.819969 0.005315 0.572383
-0.923938 26.1243 -14.293 0.770846 0.276604 -0.673706 0.676497 0.297443
-1.30675 25.2002 -14.2844 0.770846 0.284568 -0.952764 0.00282 0.303698
-0.6378 24.5675 -13.6988 0.765668 0.292532 -0.579806 -0.574465 0.577767
-0.902089 25.2055 -13.7047 0.765668 0.284568 -0.819969 0.005315 0.572383
-0.923938 24.276 -14.2758 0.770846 0.292531 -0.673706 -0.670857 0.309954
-0.6378 24.5675 -13.6988 0.765668 0.292532 -0.579806 -0.574465 0.577767
-1.30675 25.2002 -14.2844 0.770846 0.284568 -0.952764 0.00282 0.303698
-0.923938 24.276 -14.2758 0.770846 0.292531 -0.673706 -0.670857 0.309954
0.000251 24.3032 -13.6963 0.765668 0.300495 0 -0.814618 0.579998
-0.6378 24.5675 -13.6988 0.765668 0.292532 -0.579806 -0.574465 0.577767
0.000251 23.8932 -14.2722 0.770846 0.300495 0 -0.949903 0.312545
0.000251 24.3032 -13.6963 0.765668 0.300495 0 -0.814618 0.579998
-0.923938 24.276 -14.2758 0.770846 0.292531 -0.673706 -0.670857 0.309954
0.000251 23.8932 -14.2722 0.770846 0.300495 0 -0.949903 0.312545
0.638303 24.5675 -13.6988 0.765668 0.308459 0.579805 -0.574466 0.577768
0.000251 24.3032 -13.6963 0.765668 0.300495 0 -0.814618 0.579998
0.924441 24.276 -14.2758 0.770846 0.308459 0.673706 -0.670857 0.309954
0.638303 24.5675 -13.6988 0.765668 0.308459 0.579805 -0.574466 0.577768
0.000251 23.8932 -14.2722 0.770846 0.300495 0 -0.949903 0.312545
0.924441 24.276 -14.2758 0.770846 0.308459 0.673706 -0.670857 0.309954
0.902592 25.2055 -13.7047 0.765668 0.316423 0.819969 0.005315 0.572383
0.638303 24.5675 -13.6988 0.765668 0.308459 0.579805 -0.574466 0.577768
1.30725 25.2002 -14.2844 0.770845 0.316422 0.952764 0.00282 0.303698
0.902592 25.2055 -13.7047 0.765668 0.316423 0.819969 0.005315 0.572383
0.924441 24.276 -14.2758 0.770846 0.308459 0.673706 -0.670857 0.309954
1.30725 25.2002 -14.2844 0.770845 0.316422 0.952764 0.00282 0.303698
0.638302 25.8436 -13.7106 0.765667 0.324386 0.579806 0.585097 0.566998
0.902592 25.2055 -13.7047 0.765668 0.316423 0.819969 0.005315 0.572383
0.924441 26.1243 -14.293 0.770845 0.324386 0.673706 0.676497 0.297442
0.638302 25.8436 -13.7106 0.765667 0.324386 0.579806 0.585097 0.566998
1.30725 25.2002 -14.2844 0.770845 0.316422 0.952764 0.00282 0.303698
0.000251 25.2055 -13.7047 0.782846 0.346576 0 0.009286 0.999957
0.638302 25.8436 -13.7106 0.79712 0.360847 0 0.009286 0.999957
0.000251 26.1078 -13.7131 0.803031 0.346575 0 0.009286 0.999957
0.000251 25.2055 -13.7047 0.782846 0.346576 0 0.009286 0.999957
0.000251 26.1078 -13.7131 0.803031 0.346575 0 0.009286 0.999957
-0.6378 25.8436 -13.7106 0.797119 0.332301 0 0.009286 0.999957
0.000251 25.2055 -13.7047 0.782846 0.346576 0 0.009286 0.999957
-0.6378 25.8436 -13.7106 0.797119 0.332301 0 0.009286 0.999957
-0.902089 25.2055 -13.7047 0.782846 0.326391 0 0.009286 0.999957
0.000251 25.2055 -13.7047 0.782846 0.346576 0 0.009286 0.999957
-0.902089 25.2055 -13.7047 0.782846 0.326391 0 0.009286 0.999957
-0.6378 24.5675 -13.6988 0.768573 0.332303 0 0.009286 0.999957
0.000251 25.2055 -13.7047 0.782846 0.346576 0 0.009286 0.999957
-0.6378 24.5675 -13.6988 0.768573 0.332303 0 0.009286 0.999957
0.000251 24.3032 -13.6963 0.762661 0.346576 0 0.009286 0.999957
0.000251 25.2055 -13.7047 0.782846 0.346576 0 0.009286 0.999957
0.000251 24.3032 -13.6963 0.762661 0.346576 0 0.009286 0.999957
0.638303 24.5675 -13.6988 0.768573 0.360849 0 0.009286 0.999957
0.000251 25.2055 -13.7047 0.782846 0.346576 0 0.009286 0.999957
0.638303 24.5675 -13.6988 0.768573 0.360849 0 0.009286 0.999957
0.902592 25.2055 -13.7047 0.782846 0.366761 0 0.009286 0.999957
0.000251 25.2055 -13.7047 0.782846 0.346576 0 0.009286 0.999957
0.902592 25.2055 -13.7047 0.782846 0.366761 0 0.009286 0.999957
0.638302 25.8436 -13.7106 0.79712 0.360847 0 0.009286 0.999957
0.924441 26.0926 -17.7033 0.80131 0.260676 0.707107 0.707076 -0.006566
0.000251 26.5071 -14.2965 0.770846 0.268641 0 0.955543 0.294851
0.924441 26.1243 -14.293 0.770846 0.260677 0.673706 0.676497 0.297442
0.000251 26.4754 -17.7069 0.801311 0.268639 0 0.999957 -0.009286
0.000251 26.5071 -14.2965 0.770846 0.268641 0 0.955543 0.294851
0.924441 26.0926 -17.7033 0.80131 0.260676 0.707107 0.707076 -0.006566
0.000251 26.4754 -17.7069 0.801311 0.268639 0 0.999957 -0.009286
-0.923938 26.1243 -14.293 0.770846 0.276604 -0.673706 0.676497 0.297443
0.000251 26.5071 -14.2965 0.770846 0.268641 0 0.955543 0.294851
-0.923938 26.0926 -17.7033 0.801311 0.276603 -0.707107 0.707076 -0.006566
-0.923938 26.1243 -14.293 0.770846 0.276604 -0.673706 0.676497 0.297443
0.000251 26.4754 -17.7069 0.801311 0.268639 0 0.999957 -0.009286
-0.923938 26.0926 -17.7033 0.801311 0.276603 -0.707107 0.707076 -0.006566
-1.30675 25.2002 -14.2844 0.770846 0.284568 -0.952764 0.00282 0.303698
-0.923938 26.1243 -14.293 0.770846 0.276604 -0.673706 0.676497 0.297443
-1.30675 25.1685 -17.6947 0.80131 0.284567 -1 0 -0
-1.30675 25.2002 -14.2844 0.770846 0.284568 -0.952764 0.00282 0.303698
-0.923938 26.0926 -17.7033 0.801311 0.276603 -0.707107 0.707076 -0.006566
-1.30675 25.1685 -17.6947 0.80131 0.284567 -1 0 -0
-0.923938 24.276 -14.2758 0.770846 0.292531 -0.673706 -0.670857 0.309954
-1.30675 25.2002 -14.2844 0.770846 0.284568 -0.952764 0.00282 0.303698
-0.923938 24.2443 -17.6862 0.80131 0.29253 -0.707107 -0.707076 0.006566
-0.923938 24.276 -14.2758 0.770846 0.292531 -0.673706 -0.670857 0.309954
-1.30675 25.1685 -17.6947 0.80131 0.284567 -1 0 -0
-0.923938 24.2443 -17.6862 0.80131 0.29253 -0.707107 -0.707076 0.006566
0.000251 23.8932 -14.2722 0.770846 0.300495 0 -0.949903 0.312545
-0.923938 24.276 -14.2758 0.770846 0.292531 -0.673706 -0.670857 0.309954
0.000251 23.8615 -17.6826 0.80131 0.300494 0 -0.999957 0.009286
0.000251 23.8932 -14.2722 0.770846 0.300495 0 -0.949903 0.312545
-0.923938 24.2443 -17.6862 0.80131 0.29253 -0.707107 -0.707076 0.006566
0.000251 23.8615 -17.6826 0.80131 0.300494 0 -0.999957 0.009286
0.924441 24.276 -14.2758 0.770846 0.308459 0.673706 -0.670857 0.309954
0.000251 23.8932 -14.2722 0.770846 0.300495 0 -0.949903 0.312545
0.924441 24.2443 -17.6862 0.80131 0.308457 0.707107 -0.707076 0.006566
0.924441 24.276 -14.2758 0.770846 0.308459 0.673706 -0.670857 0.309954
0.000251 23.8615 -17.6826 0.80131 0.300494 0 -0.999957 0.009286
0.924441 24.2443 -17.6862 0.80131 0.308457 0.707107 -0.707076 0.006566
1.30725 25.2002 -14.2844 0.770845 0.316422 0.952764 0.00282 0.303698
0.924441 24.276 -14.2758 0.770846 0.308459 0.673706 -0.670857 0.309954
1.30725 25.1685 -17.6947 0.80131 0.316421 1 0 -0
1.30725 25.2002 -14.2844 0.770845 0.316422 0.952764 0.00282 0.303698
0.924441 24.2443 -17.6862 0.80131 0.308457 0.707107 -0.707076 0.006566
1.30725 25.1685 -17.6947 0.80131 0.316421 1 0 -0
0.924441 26.1243 -14.293 0.770845 0.324386 0.673706 0.676497 0.297442
1.30725 25.2002 -14.2844 0.770845 0.316422 0.952764 0.00282 0.303698
0.924441 26.0926 -17.7033 0.80131 0.324385 0.707107 0.707076 -0.006566
0.924441 26.1243 -14.293 0.770845 0.324386 0.673706 0.676497 0.297442
1.30725 25.1685 -17.6947 0.80131 0.316421 1 0 -0
-1.74808 26.1243 -14.293 0.770846 0.260677 0.673706 0.676497 0.297442
-2.67227 26.1078 -13.7131 0.765668 0.268641 0 0.825249 0.564769
-2.03421 25.8436 -13.7106 0.765668 0.260677 0.579806 0.585097 0.566998
-2.67227 26.5071 -14.2965 0.770846 0.268641 0 0.955543 0.294851
-2.67227 26.1078 -13.7131 0.765668 0.268641 0 0.825249 0.564769
-1.74808 26.1243 -14.293 0.770846 0.260677 0.673706 0.676497 0.297442
-2.67227 26.5071 -14.2965 0.770846 0.268641 0 0.955543 0.294851
-3.31032 25.8436 -13.7106 0.765668 0.276605 -0.579806 0.585096 0.566999
-2.67227 26.1078 -13.7131 0.765668 0.268641 0 0.825249 0.564769
-3.59646 26.1243 -14.293 0.770846 0.276604 -0.673706 0.676497 0.297443
-3.31032 25.8436 -13.7106 0.765668 0.276605 -0.579806 0.585096 0.566999
-2.67227 26.5071 -14.2965 0.770846 0.268641 0 0.955543 0.294851
-3.59646 26.1243 -14.293 0.770846 0.276604 -0.673706 0.676497 0.297443
-3.57461 25.2055 -13.7047 0.765668 0.284568 -0.819969 0.005315 0.572383
-3.31032 25.8436 -13.7106 0.765668 0.276605 -0.579806 0.585096 0.566999
-3.97927 25.2002 -14.2844 0.770846 0.284568 -0.952764 0.00282 0.303698
-3.57461 25.2055 -13.7047 0.765668 0.284568 -0.819969 0.005315 0.572383
-3.59646 26.1243 -14.293 0.770846 0.276604 -0.673706 0.676497 0.297443
-3.97927 25.2002 -14.2844 0.770846 0.284568 -0.952764 0.00282 0.303698
-3.31032 24.5675 -13.6988 0.765668 0.292532 -0.579806 -0.574465 0.577767
-3.57461 25.2055 -13.7047 0.765668 0.284568 -0.819969 0.005315 0.572383
-3.59646 24.276 -14.2758 0.770846 0.292531 -0.673706 -0.670857 0.309954
-3.31032 24.5675 -13.6988 0.765668 0.292532 -0.579806 -0.574465 0.577767
-3.97927 25.2002 -14.2844 0.770846 0.284568 -0.952764 0.00282 0.303698
-3.59646 24.276 -14.2758 0.770846 0.292531 -0.673706 -0.670857 0.309954
-2.67227 24.3032 -13.6963 0.765668 0.300495 0 -0.814618 0.579998
-3.31032 24.5675 -13.6988 0.765668 0.292532 -0.579806 -0.574465 0.577767
-2.67227 23.8932 -14.2722 0.770846 0.300495 0 -0.949903 0.312545
-2.67227 24.3032 -13.6963 0.765668 0.300495 0 -0.814618 0.579998
-3.59646 24.276 -14.2758 0.770846 0.292531 -0.673706 -0.670857 0.309954
-2.67227 23.8932 -14.2722 0.770846 0.300495 0 -0.949903 0.312545
-2.03421 24.5675 -13.6988 0.765668 0.308459 0.579805 -0.574466 0.577768
-2.67227 24.3032 -13.6963 0.765668 0.300495 0 -0.814618 0.579998
-1.74808 24.276 -14.2758 0.770846 0.308459 0.673706 -0.670857 0.309954
-2.03421 24.5675 -13.6988 0.765668 0.308459 0.579805 -0.574466 0.577768
-2.67227 23.8932 -14.2722 0.770846 0.300495 0 -0.949903 0.312545
-1.74808 24.276 -14.2758 0.770846 0.308459 0.673706 -0.670857 0.309954
-1.76992 25.2055 -13.7047 0.765668 0.316423 0.819969 0.005315 0.572383
-2.03421 24.5675 -13.6988 0.765668 0.308459 0.579805 -0.574466 0.577768
-1.36526 25.2002 -14.2844 0.770845 0.316422 0.952764 0.00282 0.303698
-1.76992 25.2055 -13.7047 0.765668 0.316423 0.819969 0.005315 0.572383
-1.74808 24.276 -14.2758 0.770846 0.308459 0.673706 -0.670857 0.309954
-1.36526 25.2002 -14.2844 0.770845 0.316422 0.952764 0.00282 0.303698
-2.03421 25.8436 -13.7106 0.765667 0.324386 0.579806 0.585097 0.566998
-1.76992 25.2055 -13.7047 0.765668 0.316423 0.819969 0.005315 0.572383
-1.74808 26.1243 -14.293 0.770845 0.324386 0.673706 0.676497 0.297442
-2.03421 25.8436 -13.7106 0.765667 0.324386 0.579806 0.585097 0.566998
-1.36526 25.2002 -14.2844 0.770845 0.316422 0.952764 0.00282 0.303698
-2.67227 25.2055 -13.7047 0.782846 0.346576 0 0.009286 0.999957
-2.03421 25.8436 -13.7106 0.79712 0.360847 0 0.009286 0.999957
-2.67227 26.1078 -13.7131 0.803031 0.346575 0 0.009286 0.999957
-2.67227 25.2055 -13.7047 0.782846 0.346576 0 0.009286 0.999957
-2.67227 26.1078 -13.7131 0.803031 0.346575 0 0.009286 0.999957
-3.31032 25.8436 -13.7106 0.797119 0.332301 0 0.009286 0.999957
-2.67227 25.2055 -13.7047 0.782846 0.346576 0 0.009286 0.999957
-3.31032 25.8436 -13.7106 0.797119 0.332301 0 0.009286 0.999957
-3.57461 25.2055 -13.7047 0.782846 0.326391 0 0.009286 0.999957
-2.67227 25.2055 -13.7047 0.782846 0.346576 0 0.009286 0.999957
-3.57461 25.2055 -13.7047 0.782846 0.326391 0 0.009286 0.999957
-3.31032 24.5675 -13.6988 0.768573 0.332303 0 0.009286 0.999957
-2.67227 25.2055 -13.7047 0.782846 0.346576 0 0.009286 0.999957
-3.31032 24.5675 -13.6988 0.768573 0.332303 0 0.009286 0.999957
-2.67227 24.3032 -13.6963 0.762661 0.346576 0 0.009286 0.999957
-2.67227 25.2055 -13.7047 0.782846 0.346576 0 0.009286 0.999957
-2.67227 24.3032 -13.6963 0.762661 0.346576 0 0.009286 0.999957
-2.03421 24.5675 -13.6988 0.768573 0.360849 0 0.009286 0.999957
-2.67227 25.2055 -13.7047 0.782846 0.346576 0 0.009286 0.999957
-2.03421 24.5675 -13.6988 0.768573 0.360849 0 0.009286 0.999957
-1.76992 25.2055 -13.7047 0.782846 0.366761 0 0.009286 0.999957
-2.67227 25.2055 -13.7047 0.782846 0.346576 0 0.009286 0.999957
-1.76992 25.2055 -13.7047 0.782846 0.366761 0 0.009286 0.999957
-2.03421 25.8436 -13.7106 0.79712 0.360847 0 0.009286 0.999957
-1.74808 26.0926 -17.7033 0.80131 0.260676 0.707107 0.707076 -0.006566
-2.67227 26.5071 -14.2965 0.770846 0.268641 0 0.955543 0.294851
-1.74808 26.1243 -14.293 0.770846 0.260677 0.673706 0.676497 0.297442
-2.67227 26.4754 -17.7069 0.801311 0.268639 0 0.999957 -0.009286
-2.67227 26.5071 -14.2965 0.770846 0.268641 0 0.955543 0.294851
-1.74808 26.0926 -17.7033 0.80131 0.260676 0.707107 0.707076 -0.006566
-2.67227 26.4754 -17.7069 0.801311 0.268639 0 0.999957 -0.009286
-3.59646 26.1243 -14.293 0.770846 0.276604 -0.673706 0.676497 0.297443
-2.67227 26.5071 -14.2965 0.770846 0.268641 0 0.955543 0.294851
-3.59646 26.0926 -17.7033 0.801311 0.276603 -0.707107 0.707076 -0.006566
-3.59646 26.1243 -14.293 0.770846 0.276604 -0.673706 0.676497 0.297443
-2.67227 26.4754 -17.7069 0.801311 0.268639 0 0.999957 -0.009286
-3.59646 26.0926 -17.7033 0.801311 0.276603 -0.707107 0.707076 -0.006566
-3.97927 25.2002 -14.2844 0.770846 0.284568 -0.952764 0.00282 0.303698
-3.59646 26.1243 -14.293 0.770846 0.276604 -0.673706 0.676497 0.297443
-3.97927 25.1685 -17.6947 0.80131 0.284567 -1 0 -0
-3.97927 25.2002 -14.2844 0.770846 0.284568 -0.952764 0.00282 0.303698
-3.59646 26.0926 -17.7033 0.801311 0.276603 -0.707107 0.707076 -0.006566
-3.97927 25.1685 -17.6947 0.80131 0.284567 -1 0 -0
-3.59646 24.276 -14.2758 0.770846 0.292531 -0.673706 -0.670857 0.309954
-3.97927 25.2002 -14.2844 0.770846 0.284568 -0.952764 0.00282 0.303698
-3.59646 24.2443 -17.6862 0.80131 0.29253 -0.707107 -0.707076 0.006566
-3.59646 24.276 -14.2758 0.770846 0.292531 -0.673706 -0.670857 0.309954
-3.97927 25.1685 -17.6947 0.80131 0.284567 -1 0 -0
-3.59646 24.2443 -17.6862 0.80131 0.29253 -0.707107 -0.707076 0.006566
-2.67227 23.8932 -14.2722 0.770846 0.300495 0 -0.949903 0.312545
-3.59646 24.276 -14.2758 0.770846 0.292531 -0.673706 -0.670857 0.309954
-2.67227 23.8615 -17.6826 0.80131 0.300494 0 -0.999957 0.009286
-2.67227 23.8932 -14.2722 0.770846 0.300495 0 -0.949903 0.312545
-3.59646 24.2443 -17.6862 0.80131 0.29253 -0.707107 -0.707076 0.006566
-2.67227 23.8615 -17.6826 0.80131 0.300494 0 -0.999957 0.009286
-1.74808 24.276 -14.2758 0.770846 0.308459 0.673706 -0.670857 0.309954
-2.67227 23.8932 -14.2722 0.770846 0.300495 0 -0.949903 0.312545
-1.74808 24.2443 -17.6862 0.80131 0.308457 0.707107 -0.707076 0.006566
-1.74808 24.276 -14.2758 0.770846 0.308459 0.673706 -0.670857 0.309954
-2.67227 23.8615 -17.6826 0.80131 0.300494 0 -0.999957 0.009286
-1.74808 24.2443 -17.6862 0.80131 0.308457 0.707107 -0.707076 0.006566
-1.36526 25.2002 -14.2844 0.770845 0.316422 0.952764 0.00282 0.303698
-1.74808 24.276 -14.2758 0.770846 0.308459 0.673706 -0.670857 0.309954
-1.36526 25.1685 -17.6947 0.80131 0.316421 1 0 -0
-1.36526 25.2002 -14.2844 0.770845 0.316422 0.952764 0.00282 0.303698
-1.74808 24.2443 -17.6862 0.80131 0.308457 0.707107 -0.707076 0.006566
-1.36526 25.1685 -17.6947 0.80131 0.316421 1 0 -0
-1.74808 26.1243 -14.293 0.770845 0.324386 0.673706 0.676497 0.297442
-1.36526 25.2002 -14.2844 0.770845 0.316422 0.952764 0.00282 0.303698
-1.74808 26.0926 -17.7033 0.80131 0.324385 0.707107 0.707076 -0.006566
-1.74808 26.1243 -14.293 0.770845 0.324386 0.673706 0.676497 0.297442
-1.36526 25.1685 -17.6947 0.80131 0.316421 1 0 -0
