Vertex Count: 1086

Data:

1.16297 18.1402 -49.3624 0.658917 0.00486302 0.681729 0.668386 0.297498
-0.110266 18.1175 -48.5636 0.654278 0.015699 0.074415 0.546736 0.833992
0.768763 17.7534 -48.5602 0.654278 0.00486302 0.433728 0.336265 0.835946
-0.110266 18.6675 -49.3673 0.658917 0.015699 0.011409 0.955481 0.294832
-0.110266 18.1175 -48.5636 0.654278 0.015699 0.074415 0.546736 0.833992
1.16297 18.1402 -49.3624 0.658917 0.00486302 0.681729 0.668386 0.297498
-0.110266 18.6675 -49.3673 0.658917 0.015699 0.011409 0.955481 0.294832
-0.989294 17.7534 -48.5602 0.654278 0.026534 -0.328488 0.441501 0.834969
-0.110266 18.1175 -48.5636 0.654278 0.015699 0.074415 0.546736 0.833992
-1.3835 18.1402 -49.3624 0.658918 0.026534 -0.665595 0.68452 0.297348
-0.989294 17.7534 -48.5602 0.654278 0.026534 -0.328488 0.441501 0.834969
-0.110266 18.6675 -49.3673 0.658917 0.015699 0.011409 0.955481 0.294832
-1.3835 18.1402 -49.3624 0.658918 0.026534 -0.665595 0.68452 0.297348
-1.3534 16.8744 -48.5521 0.654278 0.037369 -0.538968 0.082204 0.838305
-0.989294 17.7534 -48.5602 0.654278 0.026534 -0.328488 0.441501 0.834969
-1.91089 16.867 -49.3506 0.658917 0.037371 -0.952702 0.014229 0.303573
-1.3534 16.8744 -48.5521 0.654278 0.037369 -0.538968 0.082204 0.838305
-1.3835 18.1402 -49.3624 0.658918 0.026534 -0.665595 0.68452 0.297348
-1.91089 16.867 -49.3506 0.658917 0.037371 -0.952702 0.014229 0.303573
-0.989294 15.9954 -48.5439 0.654278 0.048205 -0.433728 -0.320682 0.842047
-1.3534 16.8744 -48.5521 0.654278 0.037369 -0.538968 0.082204 0.838305
-1.3835 15.5938 -49.3388 0.658917 0.048205 -0.681729 -0.662746 0.30986
-0.989294 15.9954 -48.5439 0.654278 0.048205 -0.433728 -0.320682 0.842047
-1.91089 16.867 -49.3506 0.658917 0.037371 -0.952702 0.014229 0.303573
-1.3835 15.5938 -49.3388 0.658917 0.048205 -0.681729 -0.662746 0.30986
-0.110266 15.6313 -48.5405 0.654278 0.05904 -0.074416 -0.531154 0.844001
-0.989294 15.9954 -48.5439 0.654278 0.048205 -0.433728 -0.320682 0.842047
-0.110266 15.0664 -49.3339 0.658917 0.059041 -0.011409 -0.949841 0.312525
-0.110266 15.6313 -48.5405 0.654278 0.05904 -0.074416 -0.531154 0.844001
-1.3835 15.5938 -49.3388 0.658917 0.048205 -0.681729 -0.662746 0.30986
-0.110266 15.0664 -49.3339 0.658917 0.059041 -0.011409 -0.949841 0.312525
0.768763 15.9954 -48.5439 0.654278 0.069877 0.328488 -0.425918 0.843024
-0.110266 15.6313 -48.5405 0.654278 0.05904 -0.074416 -0.531154 0.844001
1.16297 15.5938 -49.3388 0.658917 0.069876 0.665594 -0.67888 0.310009
0.768763 15.9954 -48.5439 0.654278 0.069877 0.328488 -0.425918 0.843024
-0.110266 15.0664 -49.3339 0.658917 0.059041 -0.011409 -0.949841 0.312525
1.16297 15.5938 -49.3388 0.658917 0.069876 0.665594 -0.67888 0.310009
1.13287 16.8744 -48.5521 0.654278 0.080712 0.538969 -0.066621 0.839687
0.768763 15.9954 -48.5439 0.654278 0.069877 0.328488 -0.425918 0.843024
1.69036 16.867 -49.3506 0.658917 0.080712 0.952702 -0.008588 0.303785
1.13287 16.8744 -48.5521 0.654278 0.080712 0.538969 -0.066621 0.839687
1.16297 15.5938 -49.3388 0.658917 0.069876 0.665594 -0.67888 0.310009
1.69036 16.867 -49.3506 0.658917 0.080712 0.952702 -0.008588 0.303785
0.768763 17.7534 -48.5602 0.654278 0.091548 0.433728 0.336265 0.835946
1.13287 16.8744 -48.5521 0.654278 0.080712 0.538969 -0.066621 0.839687
1.16297 18.1402 -49.3624 0.658918 0.091548 0.681729 0.668386 0.297498
0.768763 17.7534 -48.5602 0.654278 0.091548 0.433728 0.336265 0.835946
1.69036 16.867 -49.3506 0.658917 0.080712 0.952702 -0.008588 0.303785
-0.110266 16.8744 -48.5521 0.669045 0.112874 0 0.009286 0.999957
0.768763 17.7534 -48.5602 0.682806 0.126633 0.433728 0.336265 0.835946
-0.110266 18.1175 -48.5636 0.688505 0.112874 0.074415 0.546736 0.833992
-0.110266 16.8744 -48.5521 0.669045 0.112874 0 0.009286 0.999957
-0.110266 18.1175 -48.5636 0.688505 0.112874 0.074415 0.546736 0.833992
-0.989294 17.7534 -48.5602 0.682804 0.099113 -0.328488 0.441501 0.834969
-0.110266 16.8744 -48.5521 0.669045 0.112874 0 0.009286 0.999957
-0.989294 17.7534 -48.5602 0.682804 0.099113 -0.328488 0.441501 0.834969
-1.3534 16.8744 -48.5521 0.669045 0.093414 -0.538968 0.082204 0.838305
-0.110266 16.8744 -48.5521 0.669045 0.112874 0 0.009286 0.999957
-1.3534 16.8744 -48.5521 0.669045 0.093414 -0.538968 0.082204 0.838305
-0.989294 15.9954 -48.5439 0.655286 0.099113 -0.433728 -0.320682 0.842047
-0.110266 16.8744 -48.5521 0.669045 0.112874 0 0.009286 0.999957
-0.989294 15.9954 -48.5439 0.655286 0.099113 -0.433728 -0.320682 0.842047
-0.110266 15.6313 -48.5405 0.649585 0.112874 -0.074416 -0.531154 0.844001
-0.110266 16.8744 -48.5521 0.669045 0.112874 0 0.009286 0.999957
-0.110266 15.6313 -48.5405 0.649585 0.112874 -0.074416 -0.531154 0.844001
0.768763 15.9954 -48.5439 0.655286 0.126633 0.328488 -0.425918 0.843024
-0.110266 16.8744 -48.5521 0.669045 0.112874 0 0.009286 0.999957
0.768763 15.9954 -48.5439 0.655286 0.126633 0.328488 -0.425918 0.843024
1.13287 16.8744 -48.5521 0.669045 0.132332 0.538969 -0.066621 0.839687
-0.110266 16.8744 -48.5521 0.669045 0.112874 0 0.009286 0.999957
1.13287 16.8744 -48.5521 0.669045 0.132332 0.538969 -0.066621 0.839687
0.768763 17.7534 -48.5602 0.682806 0.126633 0.433728 0.336265 0.835946
1.16297 18.1141 -52.1701 0.686217 0.00486302 0.603748 0.797141 -0.007403
-0.110266 18.6675 -49.3673 0.658917 0.015699 0.011409 0.955481 0.294832
1.16297 18.1402 -49.3624 0.658917 0.00486302 0.681729 0.668386 0.297498
-0.110266 18.6415 -52.175 0.686217 0.015699 -0.136774 0.99056 -0.009199
-0.110266 18.6675 -49.3673 0.658917 0.015699 0.011409 0.955481 0.294832
1.16297 18.1141 -52.1701 0.686217 0.00486302 0.603748 0.797141 -0.007403
-0.110266 18.6415 -52.175 0.686217 0.015699 -0.136774 0.99056 -0.009199
-1.3835 18.1402 -49.3624 0.658918 0.026534 -0.665595 0.68452 0.297348
-0.110266 18.6675 -49.3673 0.658917 0.015699 0.011409 0.955481 0.294832
-1.3835 18.1141 -52.1701 0.686217 0.026534 -0.797175 0.603722 -0.005606
-1.3835 18.1402 -49.3624 0.658918 0.026534 -0.665595 0.68452 0.297348
-0.110266 18.6415 -52.175 0.686217 0.015699 -0.136774 0.99056 -0.009199
-1.3835 18.1141 -52.1701 0.686217 0.026534 -0.797175 0.603722 -0.005606
-1.91089 16.867 -49.3506 0.658917 0.037371 -0.952702 0.014229 0.303573
-1.3835 18.1402 -49.3624 0.658918 0.026534 -0.665595 0.68452 0.297348
-1.91089 16.8409 -52.1582 0.686218 0.037369 -0.990602 -0.136767 0.00127
-1.91089 16.867 -49.3506 0.658917 0.037371 -0.952702 0.014229 0.303573
-1.3835 18.1141 -52.1701 0.686217 0.026534 -0.797175 0.603722 -0.005606
-1.91089 16.8409 -52.1582 0.686218 0.037369 -0.990602 -0.136767 0.00127
-1.3835 15.5938 -49.3388 0.658917 0.048205 -0.681729 -0.662746 0.30986
-1.91089 16.867 -49.3506 0.658917 0.037371 -0.952702 0.014229 0.303573
-1.3835 15.5677 -52.1464 0.686217 0.048205 -0.603748 -0.797141 0.007403
-1.3835 15.5938 -49.3388 0.658917 0.048205 -0.681729 -0.662746 0.30986
-1.91089 16.8409 -52.1582 0.686218 0.037369 -0.990602 -0.136767 0.00127
-1.3835 15.5677 -52.1464 0.686217 0.048205 -0.603748 -0.797141 0.007403
-0.110266 15.0664 -49.3339 0.658917 0.059041 -0.011409 -0.949841 0.312525
-1.3835 15.5938 -49.3388 0.658917 0.048205 -0.681729 -0.662746 0.30986
-0.110266 15.0404 -52.1415 0.686217 0.059041 0.136773 -0.99056 0.009199
-0.110266 15.0664 -49.3339 0.658917 0.059041 -0.011409 -0.949841 0.312525
-1.3835 15.5677 -52.1464 0.686217 0.048205 -0.603748 -0.797141 0.007403
-0.110266 15.0404 -52.1415 0.686217 0.059041 0.136773 -0.99056 0.009199
1.16297 15.5938 -49.3388 0.658917 0.069876 0.665594 -0.67888 0.310009
-0.110266 15.0664 -49.3339 0.658917 0.059041 -0.011409 -0.949841 0.312525
1.16297 15.5677 -52.1464 0.686217 0.069877 0.797175 -0.603722 0.005606
1.16297 15.5938 -49.3388 0.658917 0.069876 0.665594 -0.67888 0.310009
-0.110266 15.0404 -52.1415 0.686217 0.059041 0.136773 -0.99056 0.009199
1.16297 15.5677 -52.1464 0.686217 0.069877 0.797175 -0.603722 0.005606
1.69036 16.867 -49.3506 0.658917 0.080712 0.952702 -0.008588 0.303785
1.16297 15.5938 -49.3388 0.658917 0.069876 0.665594 -0.67888 0.310009
1.69036 16.8409 -52.1582 0.686217 0.080712 0.990602 0.136768 -0.00127
1.69036 16.867 -49.3506 0.658917 0.080712 0.952702 -0.008588 0.303785
1.16297 15.5677 -52.1464 0.686217 0.069877 0.797175 -0.603722 0.005606
1.69036 16.8409 -52.1582 0.686217 0.080712 0.990602 0.136768 -0.00127
1.16297 18.1402 -49.3624 0.658918 0.091548 0.681729 0.668386 0.297498
1.69036 16.867 -49.3506 0.658917 0.080712 0.952702 -0.008588 0.303785
1.16297 18.1141 -52.1701 0.686218 0.091548 0.603748 0.797141 -0.007403
1.16297 18.1402 -49.3624 0.658918 0.091548 0.681729 0.668386 0.297498
1.69036 16.8409 -52.1582 0.686217 0.080712 0.990602 0.136768 -0.00127
5.79724 13.7961 -65.5627 0.725389 0.142311 -2.3e-05 -0.997655 -0.068446
5.02077 13.6456 -63.3689 0.74073 0.147744 -2.3e-05 -0.997655 -0.068446
5.02077 13.7961 -65.5627 0.725389 0.147744 0 -0.997655 -0.068438
6.27567 13.6455 -63.3689 0.74073 0.138963 -4.6e-05 -0.997654 -0.068454
5.02077 13.6456 -63.3689 0.74073 0.147744 -2.3e-05 -0.997655 -0.068446
5.79724 13.7961 -65.5627 0.725389 0.142311 -2.3e-05 -0.997655 -0.068446
5.34357 16.3575 -65.5865 0.726761 0.07809 -3.7e-05 0.852737 -0.522341
5.02077 17.6928 -63.4065 0.741928 0.075857 -3.7e-05 0.852737 -0.522341
5.55869 17.6928 -63.4065 0.741928 0.079579 6e-06 0.852739 -0.522337
5.02077 16.3574 -65.5865 0.726761 0.075857 -7.9e-05 0.852735 -0.522344
5.02077 17.6928 -63.4065 0.741928 0.075857 -3.7e-05 0.852737 -0.522341
5.34357 16.3575 -65.5865 0.726761 0.07809 -3.7e-05 0.852737 -0.522341
-0.110763 15.019 -49.597 0.792665 0.032329 -0 0.009271 0.999957
6.49216 17.8466 -49.6233 0.728421 0.00481701 -0 0.009271 0.999957
-0.110763 17.8429 -49.6232 0.792665 0.004852 0 0.009271 0.999957
7.38535 15.0162 -49.597 0.71973 0.032357 -0 0.009271 0.999957
6.49216 17.8466 -49.6233 0.728421 0.00481701 -0 0.009271 0.999957
-0.110763 15.019 -49.597 0.792665 0.032329 -0 0.009271 0.999957
5.79724 13.7961 -65.5627 0.724775 0.124908 0.956278 0.167333 -0.239857
6.05541 14.8877 -63.3805 0.740326 0.117308 0.956364 0.176067 -0.233171
6.27567 13.6455 -63.3689 0.740326 0.12612 0.945894 0.16507 -0.279352
5.6073 14.8673 -65.5726 0.724775 0.117308 0.951158 0.166076 -0.260225
6.05541 14.8877 -63.3805 0.740326 0.117308 0.956364 0.176067 -0.233171
5.79724 13.7961 -65.5627 0.724775 0.124908 0.956278 0.167333 -0.239857
5.34357 16.3575 -65.5865 0.724775 0.106738 0.95633 0.167055 -0.239845
5.6073 14.8673 -65.5726 0.724775 0.117308 0.951158 0.166076 -0.260225
5.23826 14.8584 -66.6516 0.717121 0.117301 0.933227 0.162339 -0.32052
-0.110763 18.7565 -57.6642 0.781719 0.040357 -4.7e-05 0.960488 -0.278323
6.05208 17.816 -60.911 0.759199 0.082992 -4.7e-05 0.960488 -0.278323
-0.110763 17.8154 -60.911 0.759199 0.040357 -9.5e-05 0.960463 -0.278407
6.35521 18.7565 -57.6642 0.781719 0.085089 0 0.960512 -0.278239
6.05208 17.816 -60.911 0.759199 0.082992 -4.7e-05 0.960488 -0.278323
-0.110763 18.7565 -57.6642 0.781719 0.040357 -4.7e-05 0.960488 -0.278323
-0.110763 13.6715 -60.8725 0.758199 0.18365 -0.000589 -0.999956 0.009409
6.75511 13.6573 -61.9586 0.750599 0.135608 -0.000589 -0.999956 0.009409
7.12432 13.6663 -60.8725 0.758199 0.133024 -0.00072 -0.999963 0.008583
-0.110763 13.6604 -61.9586 0.750599 0.18365 -0.000459 -0.999948 0.010235
6.75511 13.6573 -61.9586 0.750599 0.135608 -0.000589 -0.999956 0.009409
-0.110763 13.6715 -60.8725 0.758199 0.18365 -0.000589 -0.999956 0.009409
7.37065 14.9411 -57.6288 0.781126 0.117308 0.974059 0.213031 -0.076328
7.12432 13.6663 -60.8725 0.758034 0.126137 0.964871 0.168895 -0.201242
6.90407 14.9109 -60.884 0.758034 0.117308 0.946156 0.20874 -0.247421
7.5909 13.6966 -57.6172 0.781126 0.126137 0.982343 0.173198 -0.070748
7.12432 13.6663 -60.8725 0.758034 0.126137 0.964871 0.168895 -0.201242
7.37065 14.9411 -57.6288 0.781126 0.117308 0.974059 0.213031 -0.076328
6.05208 17.816 -60.911 0.758034 0.0967 0.944713 0.256845 -0.203833
7.37065 14.9411 -57.6288 0.781126 0.117308 0.974059 0.213031 -0.076328
6.90407 14.9109 -60.884 0.758034 0.117308 0.946156 0.20874 -0.247421
6.35521 18.7565 -57.6642 0.781126 0.090243 0.962477 0.255299 -0.091982
7.37065 14.9411 -57.6288 0.781126 0.117308 0.974059 0.213031 -0.076328
6.05208 17.816 -60.911 0.758034 0.0967 0.944713 0.256845 -0.203833
-0.110763 13.7018 -57.6173 0.780977 0.18365 -0.000698 -0.999956 0.009335
7.12432 13.6663 -60.8725 0.758199 0.133024 -0.000698 -0.999956 0.009335
7.5909 13.6966 -57.6172 0.780977 0.12976 -0.000676 -0.999956 0.009383
-0.110763 13.6715 -60.8725 0.758199 0.18365 -0.00072 -0.999957 0.009286
7.12432 13.6663 -60.8725 0.758199 0.133024 -0.000698 -0.999956 0.009335
-0.110763 13.7018 -57.6173 0.780977 0.18365 -0.000698 -0.999956 0.009335
-0.110763 18.8234 -51.4196 0.824922 0.040357 -8e-06 0.999943 -0.010722
6.35521 18.7565 -57.6642 0.781719 0.085089 -8e-06 0.999943 -0.010722
-0.110763 18.7565 -57.6642 0.781719 0.040357 0 0.999943 -0.010714
6.47528 18.8235 -51.4196 0.824922 0.085919 -1.6e-05 0.999942 -0.010731
6.35521 18.7565 -57.6642 0.781719 0.085089 -8e-06 0.999943 -0.010722
-0.110763 18.8234 -51.4196 0.824922 0.040357 -8e-06 0.999943 -0.010722
7.37065 14.9411 -57.6288 0.781126 0.117308 0.974059 0.213031 -0.076328
7.58327 13.7334 -52.302 0.818829 0.126225 0.98523 0.171196 -0.0037
7.5909 13.6966 -57.6172 0.781126 0.126137 0.982343 0.173198 -0.070748
7.37065 14.9991 -51.3841 0.825424 0.117308 0.975413 0.219638 0.018138
7.58327 13.7334 -52.302 0.818829 0.126225 0.98523 0.171196 -0.0037
7.37065 14.9411 -57.6288 0.781126 0.117308 0.974059 0.213031 -0.076328
6.47528 18.8235 -51.4196 0.825424 0.090179 0.970813 0.237898 0.030447
7.37065 14.9411 -57.6288 0.781126 0.117308 0.974059 0.213031 -0.076328
6.35521 18.7565 -57.6642 0.781126 0.090243 0.962477 0.255299 -0.091982
7.37065 14.9991 -51.3841 0.825424 0.117308 0.975413 0.219638 0.018138
7.37065 14.9411 -57.6288 0.781126 0.117308 0.974059 0.213031 -0.076328
6.47528 18.8235 -51.4196 0.825424 0.090179 0.970813 0.237898 0.030447
-0.110763 13.7018 -57.6173 0.780977 0.18365 -0.000671 -0.999976 0.006927
7.58327 13.7334 -52.302 0.81817 0.129814 -0.000671 -0.999976 0.006927
-0.110763 13.7386 -52.302 0.81817 0.18365 -0.000665 -0.999976 0.006919
7.5909 13.6966 -57.6172 0.780977 0.12976 -0.000676 -0.999976 0.006935
7.58327 13.7334 -52.302 0.81817 0.129814 -0.000671 -0.999976 0.006927
-0.110763 13.7018 -57.6173 0.780977 0.18365 -0.000671 -0.999976 0.006927
1.18397 13.6459 -63.3689 0.740326 0.126117 -0.99995 -9.3e-05 -0.010016
1.16985 17.7621 -61.9967 0.75033 0.097011 -0.99995 -9.3e-05 -0.010016
1.18397 17.6928 -63.4065 0.740326 0.09741 -0.99995 -9.3e-05 -0.010016
6.53485 14.9008 -61.9701 0.75033 0.117308 0.930405 0.182392 -0.317929
6.27567 13.6455 -63.3689 0.740326 0.12612 0.945894 0.16507 -0.279352
6.05541 14.8877 -63.3805 0.740326 0.117308 0.956364 0.176067 -0.233171
6.75511 13.6573 -61.9586 0.75033 0.126129 0.933801 0.16244 -0.318793
6.27567 13.6455 -63.3689 0.740326 0.12612 0.945894 0.16507 -0.279352
6.53485 14.9008 -61.9701 0.75033 0.117308 0.930405 0.182392 -0.317929
5.83743 17.7624 -61.9967 0.75033 0.097009 0.946061 0.195939 -0.258025
6.05541 14.8877 -63.3805 0.740326 0.117308 0.956364 0.176067 -0.233171
5.55869 17.6928 -63.4065 0.740326 0.09741 0.965299 0.169086 -0.199016
6.53485 14.9008 -61.9701 0.75033 0.117308 0.930405 0.182392 -0.317929
6.05541 14.8877 -63.3805 0.740326 0.117308 0.956364 0.176067 -0.233171
5.83743 17.7624 -61.9967 0.75033 0.097009 0.946061 0.195939 -0.258025
5.23826 14.8584 -66.6516 0.717121 0.117301 0.933227 0.162339 -0.32052
5.6073 14.8673 -65.5726 0.724775 0.117308 0.951158 0.166076 -0.260225
5.79724 13.7961 -65.5627 0.724775 0.124908 0.956278 0.167333 -0.239857
5.34357 16.3575 -65.5865 0.724775 0.106738 0.95633 0.167055 -0.239845
6.05541 14.8877 -63.3805 0.740326 0.117308 0.956364 0.176067 -0.233171
5.6073 14.8673 -65.5726 0.724775 0.117308 0.951158 0.166076 -0.260225
5.55869 17.6928 -63.4065 0.740326 0.09741 0.965299 0.169086 -0.199016
6.05541 14.8877 -63.3805 0.740326 0.117308 0.956364 0.176067 -0.233171
5.34357 16.3575 -65.5865 0.724775 0.106738 0.95633 0.167055 -0.239845
1.18397 14.8584 -66.6516 0.717121 0.117301 -1 0 -0
1.18397 13.7961 -65.5627 0.724775 0.124908 -1 0 -0
1.18397 16.3571 -65.5865 0.724775 0.10674 -1 0 -0
2.16149 16.3572 -65.5865 0.726761 0.056076 -1.5e-05 0.579296 -0.815117
1.18397 14.8584 -66.6516 0.719296 0.049314 -1.5e-05 0.579296 -0.815117
1.18397 16.3571 -65.5865 0.726761 0.049314 -3e-05 0.579303 -0.815113
2.16149 14.8584 -66.6516 0.719296 0.056076 0 0.579289 -0.815122
1.18397 14.8584 -66.6516 0.719296 0.049314 -1.5e-05 0.579296 -0.815117
2.16149 16.3572 -65.5865 0.726761 0.056076 -1.5e-05 0.579296 -0.815117
2.16149 14.8584 -66.6516 0.717839 0.16775 3e-06 -0.715812 -0.698293
1.18397 13.7961 -65.5627 0.725389 0.17459 3e-06 -0.715812 -0.698293
1.18397 14.8584 -66.6516 0.717839 0.174592 0 -0.715812 -0.698293
2.16149 13.7961 -65.5627 0.725389 0.16775 5e-06 -0.715812 -0.698293
1.18397 13.7961 -65.5627 0.725389 0.17459 3e-06 -0.715812 -0.698293
2.16149 14.8584 -66.6516 0.717839 0.16775 3e-06 -0.715812 -0.698293
5.02077 14.8584 -66.6516 0.717121 0.117301 -1 0 -0
5.02077 13.7961 -65.5627 0.724775 0.124908 -1 0 -0
5.02077 16.3574 -65.5865 0.724775 0.106738 -1 0 -0
5.02077 16.3574 -65.5865 0.726761 0.075857 -2.2e-05 0.579222 -0.81517
5.23826 14.8584 -66.6516 0.719297 0.077362 -2.2e-05 0.579222 -0.81517
5.02077 14.8584 -66.6516 0.719297 0.075857 0 0.579225 -0.815168
5.34357 16.3575 -65.5865 0.726761 0.07809 -4.4e-05 0.57922 -0.815171
5.23826 14.8584 -66.6516 0.719297 0.077362 -2.2e-05 0.579222 -0.81517
5.02077 16.3574 -65.5865 0.726761 0.075857 -2.2e-05 0.579222 -0.81517
5.23826 14.8584 -66.6516 0.717839 0.146223 0 -0.715813 -0.698293
5.02077 13.7961 -65.5627 0.725389 0.147744 0 -0.715813 -0.698293
5.02077 14.8584 -66.6516 0.717839 0.147744 0 -0.715812 -0.698293
5.79724 13.7961 -65.5627 0.725389 0.142311 0 -0.715812 -0.698293
5.02077 13.7961 -65.5627 0.725389 0.147744 0 -0.715813 -0.698293
5.23826 14.8584 -66.6516 0.717839 0.146223 0 -0.715813 -0.698293
1.18397 13.6459 -63.3689 0.74073 0.17459 -2.8e-05 -0.997665 -0.068301
2.16149 13.7961 -65.5627 0.725389 0.16775 -2.8e-05 -0.997665 -0.068301
2.16149 13.6459 -63.3689 0.74073 0.16775 -5.6e-05 -0.997664 -0.068313
1.18397 13.7961 -65.5627 0.725389 0.17459 1e-06 -0.997666 -0.068288
2.16149 13.7961 -65.5627 0.725389 0.16775 -2.8e-05 -0.997665 -0.068301
1.18397 13.6459 -63.3689 0.74073 0.17459 -2.8e-05 -0.997665 -0.068301
1.18397 16.3571 -65.5865 0.726761 0.049314 -2.3e-05 0.852683 -0.522429
2.16149 17.6928 -63.4065 0.741928 0.056077 -2.3e-05 0.852683 -0.522429
2.16149 16.3572 -65.5865 0.726761 0.056076 -4.5e-05 0.852687 -0.522422
1.18397 17.6928 -63.4065 0.741928 0.049314 0 0.852678 -0.522436
2.16149 17.6928 -63.4065 0.741928 0.056077 -2.3e-05 0.852683 -0.522429
1.18397 16.3571 -65.5865 0.726761 0.049314 -2.3e-05 0.852683 -0.522429
2.16149 16.3572 -65.5865 0.724775 0.10674 1 0 -0
2.16149 13.6459 -63.3689 0.740326 0.126117 1 0 -0
2.16149 13.7961 -65.5627 0.724775 0.124908 1 0 -0
2.16149 17.6928 -63.4065 0.740326 0.09741 1 0 -0
2.16149 13.6459 -63.3689 0.740326 0.126117 1 0 -0
2.16149 16.3572 -65.5865 0.724775 0.10674 1 0 -0
7.38535 15.0162 -49.597 0.837181 0.131198 -0.000473 -0.903708 0.428149
-0.110763 13.7386 -52.302 0.81817 0.18365 -0.000473 -0.903708 0.428149
7.58327 13.7334 -52.302 0.81817 0.129814 -0.000604 -0.903567 0.428446
-0.110763 15.019 -49.597 0.837181 0.18365 -0.000342 -0.903848 0.427853
-0.110763 13.7386 -52.302 0.81817 0.18365 -0.000473 -0.903708 0.428149
7.38535 15.0162 -49.597 0.837181 0.131198 -0.000473 -0.903708 0.428149
-0.110763 17.8429 -49.6232 0.837286 0.040357 -0.000247 0.878123 0.478435
6.47528 18.8235 -51.4196 0.824922 0.085919 -0.000247 0.878123 0.478435
-0.110763 18.8234 -51.4196 0.824922 0.040357 -1.4e-05 0.877765 0.479092
6.49216 17.8466 -49.6233 0.837286 0.086036 -0.00048 0.878481 0.477777
6.47528 18.8235 -51.4196 0.824922 0.085919 -0.000247 0.878123 0.478435
-0.110763 17.8429 -49.6232 0.837286 0.040357 -0.000247 0.878123 0.478435
7.38535 15.0162 -49.597 0.8381 0.117305 0.971405 0.237207 -0.010264
7.58327 13.7334 -52.302 0.818829 0.126225 0.98523 0.171196 -0.0037
7.37065 14.9991 -51.3841 0.825424 0.117308 0.975413 0.219638 0.018138
6.49216 17.8466 -49.6233 0.838101 0.097227 0.962881 0.264852 0.052085
7.37065 14.9991 -51.3841 0.825424 0.117308 0.975413 0.219638 0.018138
6.47528 18.8235 -51.4196 0.825424 0.090179 0.970813 0.237898 0.030447
7.38535 15.0162 -49.597 0.8381 0.117305 0.971405 0.237207 -0.010264
7.37065 14.9991 -51.3841 0.825424 0.117308 0.975413 0.219638 0.018138
6.49216 17.8466 -49.6233 0.838101 0.097227 0.962881 0.264852 0.052085
5.02077 16.3574 -65.5865 0.724775 0.106738 -1 0 -0
5.02077 13.6456 -63.3689 0.740326 0.126119 -1 0 -0
5.02077 17.6928 -63.4065 0.740326 0.09741 -1 0 -0
5.02077 13.7961 -65.5627 0.724775 0.124908 -1 0 -0
5.02077 13.6456 -63.3689 0.740326 0.126119 -1 0 -0
5.02077 16.3574 -65.5865 0.724775 0.106738 -1 0 -0
1.18397 16.3571 -65.5865 0.724775 0.10674 -1 0 -0
1.18397 13.6459 -63.3689 0.740326 0.126117 -1 0 -0
1.18397 17.6928 -63.4065 0.740326 0.09741 -1 0 -0
1.18397 13.7961 -65.5627 0.724775 0.124908 -1 0 -0
1.18397 13.6459 -63.3689 0.740326 0.126117 -1 0 -0
1.18397 16.3571 -65.5865 0.724775 0.10674 -1 0 -0
-0.110763 13.6604 -61.9586 0.750599 0.18365 -0.000145 -0.999951 0.009903
6.27567 13.6455 -63.3689 0.74073 0.138963 -0.000253 -0.999956 0.009428
6.75511 13.6573 -61.9586 0.750599 0.135608 -0.000459 -0.999964 0.008494
-0.110763 13.6604 -61.9586 0.750599 0.18365 -0.000145 -0.999951 0.009903
5.02077 13.6456 -63.3689 0.74073 0.147744 -7.1e-05 -0.999947 0.010271
6.27567 13.6455 -63.3689 0.74073 0.138963 -0.000253 -0.999956 0.009428
-0.110763 13.6604 -61.9586 0.750599 0.18365 -0.000145 -0.999951 0.009903
2.16149 13.6459 -63.3689 0.74073 0.16775 -7.6e-05 -0.999948 0.010212
5.02077 13.6456 -63.3689 0.74073 0.147744 -7.1e-05 -0.999947 0.010271
-0.110763 13.6604 -61.9586 0.750599 0.18365 -0.000145 -0.999951 0.009903
1.18397 13.6459 -63.3689 0.74073 0.17459 -6.2e-05 -0.999948 0.010239
2.16149 13.6459 -63.3689 0.74073 0.16775 -7.6e-05 -0.999948 0.010212
-0.110763 13.646 -63.3689 0.74073 0.18365 -6.8e-05 -0.999948 0.010234
1.18397 13.6459 -63.3689 0.74073 0.17459 -6.2e-05 -0.999948 0.010239
-0.110763 13.6604 -61.9586 0.750599 0.18365 -0.000145 -0.999951 0.009903
5.83743 17.7624 -61.9967 0.751685 0.081507 -7.7e-05 0.998789 -0.04919
-0.110763 17.8154 -60.911 0.759199 0.040357 -6.4e-05 0.998793 -0.049119
6.05208 17.816 -60.911 0.759199 0.082992 -9.9e-05 0.998784 -0.04931
5.00647 17.7623 -61.9967 0.751685 0.075758 -5.5e-05 0.998795 -0.04907
-0.110763 17.8154 -60.911 0.759199 0.040357 -6.4e-05 0.998793 -0.049119
5.83743 17.7624 -61.9967 0.751685 0.081507 -7.7e-05 0.998789 -0.04919
2.1471 17.7622 -61.9967 0.751685 0.055977 -5.6e-05 0.998795 -0.049072
-0.110763 17.8154 -60.911 0.759199 0.040357 -6.4e-05 0.998793 -0.049119
5.00647 17.7623 -61.9967 0.751685 0.075758 -5.5e-05 0.998795 -0.04907
1.16985 17.7621 -61.9967 0.751685 0.049217 -5.6e-05 0.998795 -0.049073
-0.110763 17.8154 -60.911 0.759199 0.040357 -6.4e-05 0.998793 -0.049119
2.1471 17.7622 -61.9967 0.751685 0.055977 -5.6e-05 0.998795 -0.049072
-0.110763 17.8154 -60.911 0.759199 0.040357 -6.4e-05 0.998793 -0.049119
1.16985 17.7621 -61.9967 0.751685 0.049217 -5.6e-05 0.998795 -0.049073
-0.110763 17.7621 -61.9967 0.751685 0.040357 -5.5e-05 0.998795 -0.049072
6.90407 14.9109 -60.884 0.758034 0.117308 0.946156 0.20874 -0.247421
6.75511 13.6573 -61.9586 0.75033 0.126129 0.933788 0.16237 -0.318868
6.53485 14.9008 -61.9701 0.75033 0.117308 0.935194 0.21967 -0.277772
7.12432 13.6663 -60.8725 0.758034 0.126137 0.964871 0.168895 -0.201242
6.75511 13.6573 -61.9586 0.75033 0.126129 0.933788 0.16237 -0.318868
6.90407 14.9109 -60.884 0.758034 0.117308 0.946156 0.20874 -0.247421
6.05208 17.816 -60.911 0.758034 0.0967 0.944713 0.256845 -0.203833
6.53485 14.9008 -61.9701 0.75033 0.117308 0.935194 0.21967 -0.277772
5.83743 17.7624 -61.9967 0.75033 0.097009 0.952421 0.230266 -0.19968
6.90407 14.9109 -60.884 0.758034 0.117308 0.946156 0.20874 -0.247421
6.53485 14.9008 -61.9701 0.75033 0.117308 0.935194 0.21967 -0.277772
6.05208 17.816 -60.911 0.758034 0.0967 0.944713 0.256845 -0.203833
5.00647 17.7623 -61.9967 0.751685 0.075758 -2.6e-05 0.998784 -0.049307
5.55869 17.6928 -63.4065 0.741928 0.079579 -2.6e-05 0.998784 -0.049307
5.02077 17.6928 -63.4065 0.741928 0.075857 3e-06 0.998784 -0.049296
5.83743 17.7624 -61.9967 0.751685 0.081507 -5.5e-05 0.998783 -0.049319
5.55869 17.6928 -63.4065 0.741928 0.079579 -2.6e-05 0.998784 -0.049307
5.00647 17.7623 -61.9967 0.751685 0.075758 -2.6e-05 0.998784 -0.049307
5.02077 13.6456 -63.3689 0.740326 0.126119 -0.999949 -9.4e-05 -0.010139
5.00647 17.7623 -61.9967 0.75033 0.09701 -0.999949 -9.4e-05 -0.010139
5.02077 17.6928 -63.4065 0.740326 0.09741 -0.999949 -9.4e-05 -0.010139
2.1471 17.7622 -61.9967 0.751685 0.055977 -2.8e-05 0.998791 -0.04915
1.18397 17.6928 -63.4065 0.741928 0.049314 -2.8e-05 0.998791 -0.04915
1.16985 17.7621 -61.9967 0.751685 0.049217 -5.7e-05 0.998792 -0.049131
2.16149 17.6928 -63.4065 0.741928 0.056077 0 0.998791 -0.049169
1.18397 17.6928 -63.4065 0.741928 0.049314 -2.8e-05 0.998791 -0.04915
2.1471 17.7622 -61.9967 0.751685 0.055977 -2.8e-05 0.998791 -0.04915
2.16149 17.6928 -63.4065 0.740326 0.09741 0.999948 9.5e-05 0.010202
2.1471 17.7622 -61.9967 0.75033 0.09701 0.999948 9.5e-05 0.010202
2.16149 13.6459 -63.3689 0.740326 0.126117 0.999948 9.5e-05 0.010202
2.16149 13.6459 -63.3689 0.741928 0.056077 6e-06 0.31624 -0.948679
5.00647 17.7623 -61.9967 0.751685 0.075758 6e-06 0.31624 -0.948679
5.02077 13.6456 -63.3689 0.741928 0.075857 3.1e-05 0.316225 -0.948684
2.1471 17.7622 -61.9967 0.751685 0.055977 -1.8e-05 0.316255 -0.948674
5.00647 17.7623 -61.9967 0.751685 0.075758 6e-06 0.31624 -0.948679
2.16149 13.6459 -63.3689 0.741928 0.056077 6e-06 0.31624 -0.948679
-0.110763 13.646 -63.3689 0.741928 0.040357 2e-06 0.316269 -0.94867
1.16985 17.7621 -61.9967 0.751685 0.049217 2e-06 0.316269 -0.94867
1.18397 13.6459 -63.3689 0.741928 0.049314 2.1e-05 0.316263 -0.948671
-0.110763 17.7621 -61.9967 0.751685 0.040357 -1.6e-05 0.316274 -0.948668
1.16985 17.7621 -61.9967 0.751685 0.049217 2e-06 0.316269 -0.94867
-0.110763 13.646 -63.3689 0.741928 0.040357 2e-06 0.316269 -0.94867
2.16149 13.7961 -65.5627 0.724775 0.124908 1 0 -0
2.16149 14.8584 -66.6516 0.717121 0.117301 1 0 -0
2.16149 16.3572 -65.5865 0.724775 0.10674 1 0 -0
-6.01876 13.7961 -65.5627 0.725389 0.142311 2.3e-05 -0.997655 -0.068446
-5.24229 13.6456 -63.3689 0.74073 0.147744 2.3e-05 -0.997655 -0.068446
-6.49719 13.6455 -63.3689 0.74073 0.138963 4.6e-05 -0.997654 -0.068454
-5.24229 13.7961 -65.5627 0.725389 0.147744 -1e-06 -0.997655 -0.068438
-5.24229 13.6456 -63.3689 0.74073 0.147744 2.3e-05 -0.997655 -0.068446
-6.01876 13.7961 -65.5627 0.725389 0.142311 2.3e-05 -0.997655 -0.068446
-5.24229 17.6928 -63.4065 0.741928 0.075857 3.8e-05 0.852737 -0.52234
-5.5651 16.3575 -65.5865 0.726761 0.07809 3.8e-05 0.852737 -0.52234
-5.78021 17.6928 -63.4065 0.741928 0.079579 -7e-06 0.852739 -0.522337
-5.24229 16.3574 -65.5865 0.726761 0.075857 8.3e-05 0.852735 -0.522343
-5.5651 16.3575 -65.5865 0.726761 0.07809 3.8e-05 0.852737 -0.52234
-5.24229 17.6928 -63.4065 0.741928 0.075857 3.8e-05 0.852737 -0.52234
-6.71369 17.8466 -49.6233 0.728421 0.00481701 0 0.009271 0.999957
-0.110763 15.019 -49.597 0.792665 0.032329 0 0.009271 0.999957
-0.110763 17.843 -49.6232 0.792665 0.004852 0 0.009271 0.999957
-7.60688 15.0162 -49.597 0.71973 0.032357 0 0.009271 0.999957
-0.110763 15.019 -49.597 0.792665 0.032329 0 0.009271 0.999957
-6.71369 17.8466 -49.6233 0.728421 0.00481701 0 0.009271 0.999957
-6.01876 13.7961 -65.5627 0.724775 0.124908 -0.956278 0.167332 -0.239857
-6.27694 14.8877 -63.3805 0.740326 0.117308 -0.956364 0.176067 -0.233171
-5.82882 14.8673 -65.5726 0.724775 0.117308 -0.951158 0.166076 -0.260225
-6.49719 13.6455 -63.3689 0.740326 0.12612 -0.945893 0.16507 -0.279352
-6.27694 14.8877 -63.3805 0.740326 0.117308 -0.956364 0.176067 -0.233171
-6.01876 13.7961 -65.5627 0.724775 0.124908 -0.956278 0.167332 -0.239857
-5.82882 14.8673 -65.5726 0.724775 0.117308 -0.951158 0.166076 -0.260225
-5.5651 16.3575 -65.5865 0.724775 0.106738 -0.95633 0.167055 -0.239845
-5.45979 14.8584 -66.6516 0.717121 0.117301 -0.933227 0.162339 -0.32052
-6.27361 17.816 -60.911 0.759199 0.082992 4.7e-05 0.960488 -0.278323
-0.110763 18.7565 -57.6642 0.781719 0.040357 4.7e-05 0.960488 -0.278323
-0.110763 17.8154 -60.911 0.759199 0.040357 9.5e-05 0.960463 -0.278407
-6.57673 18.7565 -57.6642 0.781719 0.085089 -0 0.960512 -0.278239
-0.110763 18.7565 -57.6642 0.781719 0.040357 4.7e-05 0.960488 -0.278323
-6.27361 17.816 -60.911 0.759199 0.082992 4.7e-05 0.960488 -0.278323
-0.110763 13.6715 -60.8725 0.758199 0.18365 0.000589 -0.999956 0.009408
-6.97664 13.6573 -61.9586 0.750599 0.135608 0.000589 -0.999956 0.009408
-0.110763 13.6604 -61.9586 0.750599 0.18365 0.000459 -0.999948 0.010233
-7.34585 13.6663 -60.8725 0.758199 0.133024 0.00072 -0.999963 0.008582
-6.97664 13.6573 -61.9586 0.750599 0.135608 0.000589 -0.999956 0.009408
-0.110763 13.6715 -60.8725 0.758199 0.18365 0.000589 -0.999956 0.009408
-7.34585 13.6663 -60.8725 0.758034 0.126137 -0.964871 0.168894 -0.201242
-7.59217 14.9411 -57.6288 0.781126 0.117308 -0.974059 0.213032 -0.076328
-7.12559 14.9109 -60.884 0.758034 0.117308 -0.946156 0.20874 -0.247421
-7.81243 13.6966 -57.6172 0.781126 0.126137 -0.982343 0.173198 -0.070748
-7.59217 14.9411 -57.6288 0.781126 0.117308 -0.974059 0.213032 -0.076328
-7.34585 13.6663 -60.8725 0.758034 0.126137 -0.964871 0.168894 -0.201242
-6.27361 17.816 -60.911 0.758034 0.0967 -0.944713 0.256845 -0.203833
-7.59217 14.9411 -57.6288 0.781126 0.117308 -0.974059 0.213032 -0.076328
-6.57673 18.7565 -57.6642 0.781126 0.090243 -0.962477 0.255299 -0.091983
-7.12559 14.9109 -60.884 0.758034 0.117308 -0.946156 0.20874 -0.247421
-7.59217 14.9411 -57.6288 0.781126 0.117308 -0.974059 0.213032 -0.076328
-6.27361 17.816 -60.911 0.758034 0.0967 -0.944713 0.256845 -0.203833
-0.110763 13.7018 -57.6173 0.780977 0.18365 0.000698 -0.999956 0.009334
-7.34585 13.6663 -60.8725 0.758199 0.133024 0.000698 -0.999956 0.009334
-0.110763 13.6715 -60.8725 0.758199 0.18365 0.00072 -0.999957 0.009286
-7.81243 13.6966 -57.6172 0.780977 0.12976 0.000677 -0.999956 0.009383
-7.34585 13.6663 -60.8725 0.758199 0.133024 0.000698 -0.999956 0.009334
-0.110763 13.7018 -57.6173 0.780977 0.18365 0.000698 -0.999956 0.009334
-6.57673 18.7565 -57.6642 0.781719 0.085089 8e-06 0.999943 -0.010722
-0.110763 18.8234 -51.4196 0.824922 0.040357 8e-06 0.999943 -0.010722
-0.110763 18.7565 -57.6642 0.781719 0.040357 -0 0.999943 -0.010714
-6.69681 18.8235 -51.4196 0.824922 0.085919 1.6e-05 0.999942 -0.010731
-0.110763 18.8234 -51.4196 0.824922 0.040357 8e-06 0.999943 -0.010722
-6.57673 18.7565 -57.6642 0.781719 0.085089 8e-06 0.999943 -0.010722
-7.59217 14.9411 -57.6288 0.781126 0.117308 -0.974059 0.213032 -0.076328
-7.80479 13.7334 -52.302 0.818829 0.126225 -0.98523 0.171196 -0.0037
-7.59217 14.9991 -51.3841 0.825424 0.117308 -0.975413 0.219638 0.018138
-7.81243 13.6966 -57.6172 0.781126 0.126137 -0.982343 0.173198 -0.070748
-7.80479 13.7334 -52.302 0.818829 0.126225 -0.98523 0.171196 -0.0037
-7.59217 14.9411 -57.6288 0.781126 0.117308 -0.974059 0.213032 -0.076328
-7.59217 14.9411 -57.6288 0.781126 0.117308 -0.974059 0.213032 -0.076328
-6.69681 18.8235 -51.4196 0.825424 0.090179 -0.970813 0.237898 0.030447
-6.57673 18.7565 -57.6642 0.781126 0.090243 -0.962477 0.255299 -0.091983
-7.59217 14.9991 -51.3841 0.825424 0.117308 -0.975413 0.219638 0.018138
-6.69681 18.8235 -51.4196 0.825424 0.090179 -0.970813 0.237898 0.030447
-7.59217 14.9411 -57.6288 0.781126 0.117308 -0.974059 0.213032 -0.076328
-7.80479 13.7334 -52.302 0.81817 0.129814 0.000671 -0.999976 0.006927
-0.110763 13.7018 -57.6173 0.780977 0.18365 0.000671 -0.999976 0.006927
-0.110763 13.7386 -52.302 0.81817 0.18365 0.000666 -0.999976 0.006919
-7.81243 13.6966 -57.6172 0.780977 0.12976 0.000677 -0.999976 0.006935
-0.110763 13.7018 -57.6173 0.780977 0.18365 0.000671 -0.999976 0.006927
-7.80479 13.7334 -52.302 0.81817 0.129814 0.000671 -0.999976 0.006927
-1.39137 17.7621 -61.9967 0.75033 0.097011 0.99995 -9.3e-05 -0.010016
-1.4055 13.6459 -63.3689 0.740326 0.126117 0.99995 -9.3e-05 -0.010016
-1.4055 17.6928 -63.4065 0.740326 0.09741 0.99995 -9.3e-05 -0.010016
-6.49719 13.6455 -63.3689 0.740326 0.12612 -0.945893 0.16507 -0.279352
-6.75638 14.9008 -61.9701 0.75033 0.117308 -0.930405 0.182393 -0.31793
-6.27694 14.8877 -63.3805 0.740326 0.117308 -0.956364 0.176067 -0.233171
-6.97664 13.6573 -61.9586 0.75033 0.126129 -0.9338 0.162441 -0.318794
-6.75638 14.9008 -61.9701 0.75033 0.117308 -0.930405 0.182393 -0.31793
-6.49719 13.6455 -63.3689 0.740326 0.12612 -0.945893 0.16507 -0.279352
-6.27694 14.8877 -63.3805 0.740326 0.117308 -0.956364 0.176067 -0.233171
-6.05896 17.7624 -61.9967 0.75033 0.097009 -0.946061 0.195939 -0.258025
-5.78021 17.6928 -63.4065 0.740326 0.09741 -0.965299 0.169086 -0.199016
-6.75638 14.9008 -61.9701 0.75033 0.117308 -0.930405 0.182393 -0.31793
-6.05896 17.7624 -61.9967 0.75033 0.097009 -0.946061 0.195939 -0.258025
-6.27694 14.8877 -63.3805 0.740326 0.117308 -0.956364 0.176067 -0.233171
-5.82882 14.8673 -65.5726 0.724775 0.117308 -0.951158 0.166076 -0.260225
-5.45979 14.8584 -66.6516 0.717121 0.117301 -0.933227 0.162339 -0.32052
-6.01876 13.7961 -65.5627 0.724775 0.124908 -0.956278 0.167332 -0.239857
-5.5651 16.3575 -65.5865 0.724775 0.106738 -0.95633 0.167055 -0.239845
-6.27694 14.8877 -63.3805 0.740326 0.117308 -0.956364 0.176067 -0.233171
-5.78021 17.6928 -63.4065 0.740326 0.09741 -0.965299 0.169086 -0.199016
-5.82882 14.8673 -65.5726 0.724775 0.117308 -0.951158 0.166076 -0.260225
-6.27694 14.8877 -63.3805 0.740326 0.117308 -0.956364 0.176067 -0.233171
-5.5651 16.3575 -65.5865 0.724775 0.106738 -0.95633 0.167055 -0.239845
-1.4055 13.7961 -65.5627 0.724775 0.124908 1 0 0
-1.4055 14.8584 -66.6516 0.717121 0.117301 1 0 0
-1.4055 16.3571 -65.5865 0.724775 0.10674 1 0 0
-1.4055 14.8584 -66.6516 0.719296 0.049314 1.5e-05 0.579296 -0.815118
-2.38301 16.3572 -65.5865 0.726761 0.056076 1.5e-05 0.579296 -0.815118
-1.4055 16.3571 -65.5865 0.726761 0.049314 3e-05 0.579302 -0.815113
-2.38301 14.8584 -66.6516 0.719296 0.056076 0 0.579289 -0.815122
-2.38301 16.3572 -65.5865 0.726761 0.056076 1.5e-05 0.579296 -0.815118
-1.4055 14.8584 -66.6516 0.719296 0.049314 1.5e-05 0.579296 -0.815118
-1.4055 13.7961 -65.5627 0.725389 0.17459 -0 -0.715812 -0.698293
-2.38301 14.8584 -66.6516 0.717839 0.16775 -0 -0.715812 -0.698293
-1.4055 14.8584 -66.6516 0.717839 0.174592 0 -0.715812 -0.698293
-2.38301 13.7961 -65.5627 0.725389 0.16775 -1e-06 -0.715813 -0.698292
-2.38301 14.8584 -66.6516 0.717839 0.16775 -0 -0.715812 -0.698293
-1.4055 13.7961 -65.5627 0.725389 0.17459 -0 -0.715812 -0.698293
-5.24229 13.7961 -65.5627 0.724775 0.124908 1 -0 -0
-5.24229 14.8584 -66.6516 0.717121 0.117301 1 -0 -0
-5.24229 16.3574 -65.5865 0.724775 0.106738 1 -0 -0
-5.24229 16.3574 -65.5865 0.726761 0.075857 2.2e-05 0.579222 -0.81517
-5.45979 14.8584 -66.6516 0.719297 0.077362 2.2e-05 0.579222 -0.81517
-5.5651 16.3575 -65.5865 0.726761 0.07809 4.4e-05 0.579221 -0.815171
-5.24229 14.8584 -66.6516 0.719297 0.075857 0 0.579223 -0.815169
-5.45979 14.8584 -66.6516 0.719297 0.077362 2.2e-05 0.579222 -0.81517
-5.24229 16.3574 -65.5865 0.726761 0.075857 2.2e-05 0.579222 -0.81517
-5.24229 13.7961 -65.5627 0.725389 0.147744 1e-06 -0.715811 -0.698294
-5.45979 14.8584 -66.6516 0.717839 0.146223 1e-06 -0.715811 -0.698294
-5.24229 14.8584 -66.6516 0.717839 0.147744 0 -0.715811 -0.698294
-6.01876 13.7961 -65.5627 0.725389 0.142311 3e-06 -0.715812 -0.698293
-5.45979 14.8584 -66.6516 0.717839 0.146223 1e-06 -0.715811 -0.698294
-5.24229 13.7961 -65.5627 0.725389 0.147744 1e-06 -0.715811 -0.698294
-2.38301 13.7961 -65.5627 0.725389 0.16775 2.7e-05 -0.997665 -0.068301
-1.4055 13.6459 -63.3689 0.74073 0.17459 2.7e-05 -0.997665 -0.068301
-2.38301 13.6459 -63.3689 0.74073 0.16775 5.6e-05 -0.997664 -0.068314
-1.4055 13.7961 -65.5627 0.725389 0.17459 -2e-06 -0.997666 -0.068288
-1.4055 13.6459 -63.3689 0.74073 0.17459 2.7e-05 -0.997665 -0.068301
-2.38301 13.7961 -65.5627 0.725389 0.16775 2.7e-05 -0.997665 -0.068301
-2.38301 17.6928 -63.4065 0.741928 0.056077 2.3e-05 0.852683 -0.522429
-1.4055 16.3571 -65.5865 0.726761 0.049314 2.3e-05 0.852683 -0.522429
-2.38301 16.3572 -65.5865 0.726761 0.056076 4.6e-05 0.852687 -0.522422
-1.4055 17.6928 -63.4065 0.741928 0.049314 0 0.852678 -0.522436
-1.4055 16.3571 -65.5865 0.726761 0.049314 2.3e-05 0.852683 -0.522429
-2.38301 17.6928 -63.4065 0.741928 0.056077 2.3e-05 0.852683 -0.522429
-2.38301 16.3572 -65.5865 0.724775 0.10674 -1 -0 0
-2.38301 13.6459 -63.3689 0.740326 0.126117 -1 -0 0
-2.38301 17.6928 -63.4065 0.740326 0.09741 -1 -0 0
-2.38301 13.7961 -65.5627 0.724775 0.124908 -1 -0 -0
-2.38301 13.6459 -63.3689 0.740326 0.126117 -1 -0 0
-2.38301 16.3572 -65.5865 0.724775 0.10674 -1 -0 0
-0.110763 13.7386 -52.302 0.81817 0.18365 0.000473 -0.903708 0.428149
-7.60688 15.0162 -49.597 0.837181 0.131198 0.000473 -0.903708 0.428149
-7.80479 13.7334 -52.302 0.81817 0.129814 0.000604 -0.903567 0.428446
-0.110763 15.019 -49.597 0.837181 0.18365 0.000342 -0.903848 0.427853
-7.60688 15.0162 -49.597 0.837181 0.131198 0.000473 -0.903708 0.428149
-0.110763 13.7386 -52.302 0.81817 0.18365 0.000473 -0.903708 0.428149
-6.69681 18.8235 -51.4196 0.824922 0.085919 0.000247 0.878123 0.478434
-0.110763 17.843 -49.6232 0.837286 0.040357 0.000247 0.878123 0.478434
-0.110763 18.8234 -51.4196 0.824922 0.040357 1.4e-05 0.877765 0.479092
-6.71369 17.8466 -49.6233 0.837286 0.086036 0.000479 0.878481 0.477777
-0.110763 17.843 -49.6232 0.837286 0.040357 0.000247 0.878123 0.478434
-6.69681 18.8235 -51.4196 0.824922 0.085919 0.000247 0.878123 0.478434
-7.80479 13.7334 -52.302 0.818829 0.126225 -0.98523 0.171196 -0.0037
-7.60688 15.0162 -49.597 0.8381 0.117305 -0.971405 0.237207 -0.010264
-7.59217 14.9991 -51.3841 0.825424 0.117308 -0.975413 0.219638 0.018138
-7.59217 14.9991 -51.3841 0.825424 0.117308 -0.975413 0.219638 0.018138
-6.71369 17.8466 -49.6233 0.838101 0.097227 -0.962881 0.264852 0.052085
-6.69681 18.8235 -51.4196 0.825424 0.090179 -0.970813 0.237898 0.030447
-7.60688 15.0162 -49.597 0.8381 0.117305 -0.971405 0.237207 -0.010264
-6.71369 17.8466 -49.6233 0.838101 0.097227 -0.962881 0.264852 0.052085
-7.59217 14.9991 -51.3841 0.825424 0.117308 -0.975413 0.219638 0.018138
-5.24229 13.6456 -63.3689 0.740326 0.126119 1 0 0
-5.24229 16.3574 -65.5865 0.724775 0.106738 1 0 0
-5.24229 17.6928 -63.4065 0.740326 0.09741 1 0 -0
-5.24229 13.7961 -65.5627 0.724775 0.124908 1 0 0
-5.24229 16.3574 -65.5865 0.724775 0.106738 1 0 0
-5.24229 13.6456 -63.3689 0.740326 0.126119 1 0 0
-1.4055 13.6459 -63.3689 0.740326 0.126117 1 0 -0
-1.4055 16.3571 -65.5865 0.724775 0.10674 1 0 -0
-1.4055 17.6928 -63.4065 0.740326 0.09741 1 -0 -0
-1.4055 13.7961 -65.5627 0.724775 0.124908 1 0 0
-1.4055 16.3571 -65.5865 0.724775 0.10674 1 0 -0
-1.4055 13.6459 -63.3689 0.740326 0.126117 1 0 -0
-6.49719 13.6455 -63.3689 0.74073 0.138963 0.000253 -0.999956 0.009429
-0.110763 13.6604 -61.9586 0.750599 0.18365 0.000145 -0.999951 0.009903
-6.97664 13.6573 -61.9586 0.750599 0.135608 0.000459 -0.999964 0.008495
-5.24229 13.6456 -63.3689 0.74073 0.147744 7.1e-05 -0.999947 0.010271
-0.110763 13.6604 -61.9586 0.750599 0.18365 0.000145 -0.999951 0.009903
-6.49719 13.6455 -63.3689 0.74073 0.138963 0.000253 -0.999956 0.009429
-2.38301 13.6459 -63.3689 0.74073 0.16775 7.6e-05 -0.999948 0.010212
-0.110763 13.6604 -61.9586 0.750599 0.18365 0.000145 -0.999951 0.009903
-5.24229 13.6456 -63.3689 0.74073 0.147744 7.1e-05 -0.999947 0.010271
-1.4055 13.6459 -63.3689 0.74073 0.17459 6.2e-05 -0.999948 0.010239
-0.110763 13.6604 -61.9586 0.750599 0.18365 0.000145 -0.999951 0.009903
-2.38301 13.6459 -63.3689 0.74073 0.16775 7.6e-05 -0.999948 0.010212
-1.4055 13.6459 -63.3689 0.74073 0.17459 6.2e-05 -0.999948 0.010239
-0.110763 13.646 -63.3689 0.74073 0.18365 6.8e-05 -0.999948 0.010234
-0.110763 13.6604 -61.9586 0.750599 0.18365 0.000145 -0.999951 0.009903
-0.110763 17.8154 -60.911 0.759199 0.040357 6.4e-05 0.998793 -0.049118
-6.05896 17.7624 -61.9967 0.751685 0.081507 7.7e-05 0.99879 -0.049189
-6.27361 17.816 -60.911 0.759199 0.082992 9.9e-05 0.998784 -0.04931
-0.110763 17.8154 -60.911 0.759199 0.040357 6.4e-05 0.998793 -0.049118
-5.22799 17.7623 -61.9967 0.751685 0.075758 5.5e-05 0.998795 -0.04907
-6.05896 17.7624 -61.9967 0.751685 0.081507 7.7e-05 0.99879 -0.049189
-0.110763 17.8154 -60.911 0.759199 0.040357 6.4e-05 0.998793 -0.049118
-2.36862 17.7622 -61.9967 0.751685 0.055977 5.6e-05 0.998795 -0.049071
-5.22799 17.7623 -61.9967 0.751685 0.075758 5.5e-05 0.998795 -0.04907
-0.110763 17.8154 -60.911 0.759199 0.040357 6.4e-05 0.998793 -0.049118
-1.39137 17.7621 -61.9967 0.751685 0.049217 5.6e-05 0.998795 -0.049071
-2.36862 17.7622 -61.9967 0.751685 0.055977 5.6e-05 0.998795 -0.049071
-1.39137 17.7621 -61.9967 0.751685 0.049217 5.6e-05 0.998795 -0.049071
-0.110763 17.8154 -60.911 0.759199 0.040357 6.4e-05 0.998793 -0.049118
-0.110763 17.7621 -61.9967 0.751685 0.040357 5.5e-05 0.998795 -0.049072
-6.97664 13.6573 -61.9586 0.75033 0.126129 -0.933788 0.16237 -0.318868
-7.12559 14.9109 -60.884 0.758034 0.117308 -0.946156 0.20874 -0.247421
-6.75638 14.9008 -61.9701 0.75033 0.117308 -0.935194 0.21967 -0.277773
-7.34585 13.6663 -60.8725 0.758034 0.126137 -0.964871 0.168894 -0.201242
-7.12559 14.9109 -60.884 0.758034 0.117308 -0.946156 0.20874 -0.247421
-6.97664 13.6573 -61.9586 0.75033 0.126129 -0.933788 0.16237 -0.318868
-6.75638 14.9008 -61.9701 0.75033 0.117308 -0.935194 0.21967 -0.277773
-6.27361 17.816 -60.911 0.758034 0.0967 -0.944713 0.256845 -0.203833
-6.05896 17.7624 -61.9967 0.75033 0.097009 -0.952421 0.230266 -0.199679
-7.12559 14.9109 -60.884 0.758034 0.117308 -0.946156 0.20874 -0.247421
-6.27361 17.816 -60.911 0.758034 0.0967 -0.944713 0.256845 -0.203833
-6.75638 14.9008 -61.9701 0.75033 0.117308 -0.935194 0.21967 -0.277773
-5.22799 17.7623 -61.9967 0.751685 0.075758 2.6e-05 0.998784 -0.049307
-5.78021 17.6928 -63.4065 0.741928 0.079579 2.6e-05 0.998784 -0.049307
-6.05896 17.7624 -61.9967 0.751685 0.081507 5.5e-05 0.998783 -0.049319
-5.24229 17.6928 -63.4065 0.741928 0.075857 -3e-06 0.998784 -0.049296
-5.78021 17.6928 -63.4065 0.741928 0.079579 2.6e-05 0.998784 -0.049307
-5.22799 17.7623 -61.9967 0.751685 0.075758 2.6e-05 0.998784 -0.049307
-5.22799 17.7623 -61.9967 0.75033 0.09701 0.999949 -9.4e-05 -0.010139
-5.24229 13.6456 -63.3689 0.740326 0.126119 0.999949 -9.4e-05 -0.010139
-5.24229 17.6928 -63.4065 0.740326 0.09741 0.999949 -9.4e-05 -0.010139
-1.4055 17.6928 -63.4065 0.741928 0.049314 2.8e-05 0.998791 -0.04915
-2.36862 17.7622 -61.9967 0.751685 0.055977 2.8e-05 0.998791 -0.04915
-1.39137 17.7621 -61.9967 0.751685 0.049217 5.7e-05 0.998792 -0.04913
-2.38301 17.6928 -63.4065 0.741928 0.056077 0 0.998791 -0.04917
-2.36862 17.7622 -61.9967 0.751685 0.055977 2.8e-05 0.998791 -0.04915
-1.4055 17.6928 -63.4065 0.741928 0.049314 2.8e-05 0.998791 -0.04915
-2.36862 17.7622 -61.9967 0.75033 0.09701 -0.999948 9.5e-05 0.010202
-2.38301 17.6928 -63.4065 0.740326 0.09741 -0.999948 9.5e-05 0.010202
-2.38301 13.6459 -63.3689 0.740326 0.126117 -0.999948 9.5e-05 0.010202
-5.22799 17.7623 -61.9967 0.751685 0.075758 -6e-06 0.31624 -0.948679
-2.38301 13.6459 -63.3689 0.741928 0.056077 -6e-06 0.31624 -0.948679
-5.24229 13.6456 -63.3689 0.741928 0.075857 -3.1e-05 0.316225 -0.948684
-2.36862 17.7622 -61.9967 0.751685 0.055977 1.8e-05 0.316255 -0.948674
-2.38301 13.6459 -63.3689 0.741928 0.056077 -6e-06 0.31624 -0.948679
-5.22799 17.7623 -61.9967 0.751685 0.075758 -6e-06 0.31624 -0.948679
-1.39137 17.7621 -61.9967 0.751685 0.049217 -3e-06 0.316269 -0.94867
-0.110763 13.646 -63.3689 0.741928 0.040357 -3e-06 0.316269 -0.94867
-1.4055 13.6459 -63.3689 0.741928 0.049314 -2.2e-05 0.316263 -0.948672
-0.110763 17.7621 -61.9967 0.751685 0.040357 1.7e-05 0.316275 -0.948668
-0.110763 13.646 -63.3689 0.741928 0.040357 -3e-06 0.316269 -0.94867
-1.39137 17.7621 -61.9967 0.751685 0.049217 -3e-06 0.316269 -0.94867
-2.38301 14.8584 -66.6516 0.717121 0.117301 -1 -0 -0
-2.38301 13.7961 -65.5627 0.724775 0.124908 -1 -0 -0
-2.38301 16.3572 -65.5865 0.724775 0.10674 -1 -0 -0
6.94507 16.4874 -56.6641 0.764575 0.197453 1e-06 -0.009286 -0.999957
8.57866 18.3976 -56.6818 0.783961 0.209961 1e-06 -0.009286 -0.999957
8.56945 16.7783 -56.6668 0.769221 0.21187 2e-06 -0.009286 -0.999957
6.38166 18.6303 -56.684 0.783374 0.189691 0 -0.009286 -0.999957
8.57866 18.3976 -56.6818 0.783961 0.209961 1e-06 -0.009286 -0.999957
6.94507 16.4874 -56.6641 0.764575 0.197453 1e-06 -0.009286 -0.999957
6.48586 18.6768 -51.6755 0.835961 0.189383 0.107939 0.994104 -0.010327
8.57866 18.3976 -56.6818 0.784943 0.2107 0.107939 0.994104 -0.010327
6.38166 18.6303 -56.684 0.784943 0.188322 0.105348 0.99437 -0.011426
8.57866 18.4441 -51.6733 0.835961 0.2107 0.11053 0.99383 -0.009229
8.57866 18.3976 -56.6818 0.784943 0.2107 0.107939 0.994104 -0.010327
6.48586 18.6768 -51.6755 0.835961 0.189383 0.107939 0.994104 -0.010327
7.04926 16.5339 -51.6556 0.748654 0.215368 0 0.009286 0.999957
8.57866 18.4441 -51.6733 0.76158 0.205018 0 0.009286 0.999957
6.48586 18.6768 -51.6755 0.763155 0.21918 0 0.009286 0.999957
8.56945 16.8249 -51.6583 0.750621 0.20508 0 0.009286 0.999957
8.57866 18.4441 -51.6733 0.76158 0.205018 0 0.009286 0.999957
7.04926 16.5339 -51.6556 0.748654 0.215368 0 0.009286 0.999957
7.04926 16.5339 -51.6556 0.835961 0.195122 0.182135 -0.983246 0.007297
8.56945 16.7783 -56.6668 0.784943 0.210606 0.182135 -0.983246 0.007297
8.56945 16.8249 -51.6583 0.835961 0.210606 0.187967 -0.982133 0.009121
6.94507 16.4874 -56.6641 0.784943 0.194061 0.176297 -0.984322 0.005473
8.56945 16.7783 -56.6668 0.784943 0.210606 0.182135 -0.983246 0.007297
7.04926 16.5339 -51.6556 0.835961 0.195122 0.182135 -0.983246 0.007297
11.0517 18.3988 -56.6818 0.784985 0.238571 1 -0.000404 4e-06
11.051 16.8261 -51.6583 0.836004 0.255064 1 -0.000404 4e-06
11.051 16.7795 -56.6668 0.784985 0.255064 1 -0.000404 4e-06
11.0517 18.4453 -51.6733 0.836004 0.238571 1 -0.000404 4e-06
11.051 16.8261 -51.6583 0.836004 0.255064 1 -0.000404 4e-06
11.0517 18.3988 -56.6818 0.784985 0.238571 1 -0.000404 4e-06
11.051 16.7795 -56.6668 0.784943 0.235883 0.000482 -0.999957 0.009286
8.56945 16.8249 -51.6583 0.835961 0.210606 0.000482 -0.999957 0.009286
8.56945 16.7783 -56.6668 0.784943 0.210606 0.000482 -0.999957 0.009286
11.051 16.8261 -51.6583 0.835961 0.235883 0.000482 -0.999957 0.009286
8.56945 16.8249 -51.6583 0.835961 0.210606 0.000482 -0.999957 0.009286
11.051 16.7795 -56.6668 0.784943 0.235883 0.000482 -0.999957 0.009286
11.051 16.8261 -51.6583 0.750631 0.188288 0 0.009286 0.999957
8.57866 18.4441 -51.6733 0.76158 0.205018 0 0.009286 0.999957
8.56945 16.8249 -51.6583 0.750621 0.20508 1e-06 0.009286 0.999957
11.0517 18.4453 -51.6733 0.761588 0.188283 0 0.009286 0.999957
8.57866 18.4441 -51.6733 0.76158 0.205018 0 0.009286 0.999957
11.051 16.8261 -51.6583 0.750631 0.188288 0 0.009286 0.999957
11.0517 18.4453 -51.6733 0.835961 0.235889 -0.000484 0.999957 -0.009286
8.57866 18.3976 -56.6818 0.784943 0.2107 -0.000484 0.999957 -0.009286
8.57866 18.4441 -51.6733 0.835961 0.2107 -0.000484 0.999957 -0.009286
11.0517 18.3988 -56.6818 0.784943 0.235889 -0.000484 0.999957 -0.009286
8.57866 18.3976 -56.6818 0.784943 0.2107 -0.000484 0.999957 -0.009286
11.0517 18.4453 -51.6733 0.835961 0.235889 -0.000484 0.999957 -0.009286
10.537 18.0421 -57.8097 0.763674 0.248786 1e-06 -0.009286 -0.999957
9.08412 17.1054 -57.801 0.750302 0.228048 1e-06 -0.009286 -0.999957
9.08623 18.0473 -57.8098 0.763747 0.228078 1e-06 -0.009286 -0.999957
10.5434 17.1088 -57.8011 0.750351 0.248876 0 -0.009286 -0.999957
9.08412 17.1054 -57.801 0.750302 0.228048 1e-06 -0.009286 -0.999957
10.537 18.0421 -57.8097 0.763674 0.248786 1e-06 -0.009286 -0.999957
8.57866 18.3976 -56.6818 0.784985 0.238582 -0.992418 0.001144 -0.122902
8.77349 16.897 -58.269 0.768677 0.253717 -0.992418 0.001144 -0.122902
8.56945 16.7783 -56.6668 0.784985 0.255077 -0.99202 0.004474 -0.125999
8.77202 18.2533 -58.2816 0.768677 0.239901 -0.992795 -0.002185 -0.119801
8.77349 16.897 -58.269 0.768677 0.253717 -0.992418 0.001144 -0.122902
8.57866 18.3976 -56.6818 0.784985 0.238582 -0.992418 0.001144 -0.122902
8.77349 16.897 -58.269 0.768634 0.212684 -0.000457 -0.99737 -0.072476
11.051 16.7795 -56.6668 0.784943 0.235883 -0.000457 -0.99737 -0.072476
8.56945 16.7783 -56.6668 0.784943 0.210606 0.000481 -0.997273 -0.073801
10.8577 16.8941 -58.2689 0.768636 0.233913 -0.001394 -0.997465 -0.07115
11.051 16.7795 -56.6668 0.784943 0.235883 -0.000457 -0.99737 -0.072476
8.77349 16.897 -58.269 0.768634 0.212684 -0.000457 -0.99737 -0.072476
10.8577 16.8941 -58.2689 0.768677 0.253746 0.992677 -0.000576 -0.120801
11.0517 18.3988 -56.6818 0.784985 0.238571 0.992677 -0.000576 -0.120801
11.051 16.7795 -56.6668 0.784985 0.255064 0.992782 -0.001514 -0.119923
10.8556 18.2583 -58.2816 0.768677 0.239849 0.99257 0.000363 -0.121678
11.0517 18.3988 -56.6818 0.784985 0.238571 0.992677 -0.000576 -0.120801
10.8577 16.8941 -58.2689 0.768677 0.253746 0.992677 -0.000576 -0.120801
10.8556 18.2583 -58.2816 0.768634 0.233891 -0.00145 0.996053 -0.08875
8.57866 18.3976 -56.6818 0.784943 0.2107 -0.00145 0.996053 -0.08875
11.0517 18.3988 -56.6818 0.784943 0.235889 -0.000482 0.996175 -0.087384
8.77202 18.2533 -58.2816 0.768634 0.21267 -0.002418 0.995928 -0.090116
8.57866 18.3976 -56.6818 0.784943 0.2107 -0.00145 0.996053 -0.08875
10.8556 18.2583 -58.2816 0.768634 0.233891 -0.00145 0.996053 -0.08875
9.08623 18.0473 -57.8098 0.763747 0.228078 0.833001 -0.005625 -0.553243
8.77349 16.897 -58.269 0.74739 0.223614 0.833001 -0.005625 -0.553243
8.77202 18.2533 -58.2816 0.766749 0.223592 0.831442 -0.004264 -0.555595
9.08412 17.1054 -57.801 0.750302 0.228048 0.834552 -0.006986 -0.550885
8.77349 16.897 -58.269 0.74739 0.223614 0.833001 -0.005625 -0.553243
9.08623 18.0473 -57.8098 0.763747 0.228078 0.833001 -0.005625 -0.553243
8.77349 16.897 -58.269 0.74739 0.223614 -0.000417 0.911642 -0.410986
10.5434 17.1088 -57.8011 0.750351 0.248876 -0.000417 0.911642 -0.410986
10.8577 16.8941 -58.2689 0.747348 0.25336 0.001277 0.909226 -0.416301
9.08412 17.1054 -57.801 0.750302 0.228048 -0.002111 0.914024 -0.405656
10.5434 17.1088 -57.8011 0.750351 0.248876 -0.000417 0.911642 -0.410986
8.77349 16.897 -58.269 0.74739 0.223614 -0.000417 0.911642 -0.410986
10.8577 16.8941 -58.2689 0.747348 0.25336 -0.829922 -0.008679 -0.557811
10.537 18.0421 -57.8097 0.763674 0.248786 -0.829922 -0.008679 -0.557811
10.8556 18.2583 -58.2816 0.766821 0.253332 -0.827392 -0.006461 -0.561588
10.5434 17.1088 -57.8011 0.750351 0.248876 -0.832432 -0.010896 -0.55402
10.537 18.0421 -57.8097 0.763674 0.248786 -0.829922 -0.008679 -0.557811
10.8577 16.8941 -58.2689 0.747348 0.25336 -0.829922 -0.008679 -0.557811
10.537 18.0421 -57.8097 0.763674 0.248786 -0.00054 -0.913527 -0.406777
8.77202 18.2533 -58.2816 0.766749 0.223592 -0.00054 -0.913527 -0.406777
10.8556 18.2583 -58.2816 0.766821 0.253332 0.002197 -0.909683 -0.415297
9.08623 18.0473 -57.8098 0.763747 0.228078 -0.003276 -0.917285 -0.398219
8.77202 18.2533 -58.2816 0.766749 0.223592 -0.00054 -0.913527 -0.406777
10.537 18.0421 -57.8097 0.763674 0.248786 -0.00054 -0.913527 -0.406777
-7.16659 16.4874 -56.6641 0.764575 0.197453 -0 -0.009286 -0.999957
-8.80019 18.3976 -56.6818 0.783961 0.209961 -0 -0.009286 -0.999957
-6.60319 18.6303 -56.684 0.783374 0.189691 -2e-06 -0.009286 -0.999957
-8.79098 16.7783 -56.6668 0.769221 0.21187 1e-06 -0.009286 -0.999957
-8.80019 18.3976 -56.6818 0.783961 0.209961 -0 -0.009286 -0.999957
-7.16659 16.4874 -56.6641 0.764575 0.197453 -0 -0.009286 -0.999957
-8.80019 18.3976 -56.6818 0.784943 0.2107 -0.10794 0.994104 -0.010327
-6.70738 18.6768 -51.6755 0.835961 0.189383 -0.10794 0.994104 -0.010327
-6.60319 18.6303 -56.684 0.784943 0.188322 -0.105348 0.99437 -0.011426
-8.80019 18.4441 -51.6733 0.835961 0.2107 -0.110531 0.99383 -0.009229
-6.70738 18.6768 -51.6755 0.835961 0.189383 -0.10794 0.994104 -0.010327
-8.80019 18.3976 -56.6818 0.784943 0.2107 -0.10794 0.994104 -0.010327
-8.80019 18.4441 -51.6733 0.76158 0.205018 -1e-06 0.009286 0.999957
-7.27079 16.5339 -51.6556 0.748654 0.215368 -1e-06 0.009286 0.999957
-6.70738 18.6768 -51.6755 0.763155 0.21918 0 0.009286 0.999957
-8.79098 16.8249 -51.6583 0.750621 0.20508 -2e-06 0.009286 0.999957
-7.27079 16.5339 -51.6556 0.748654 0.215368 -1e-06 0.009286 0.999957
-8.80019 18.4441 -51.6733 0.76158 0.205018 -1e-06 0.009286 0.999957
-7.27079 16.5339 -51.6556 0.835961 0.195122 -0.182136 -0.983246 0.007297
-8.79098 16.7783 -56.6668 0.784943 0.210606 -0.182136 -0.983246 0.007297
-7.16659 16.4874 -56.6641 0.784943 0.194061 -0.176297 -0.984322 0.005473
-8.79098 16.8249 -51.6583 0.835961 0.210606 -0.187967 -0.982133 0.009121
-8.79098 16.7783 -56.6668 0.784943 0.210606 -0.182136 -0.983246 0.007297
-7.27079 16.5339 -51.6556 0.835961 0.195122 -0.182136 -0.983246 0.007297
-11.2725 16.8261 -51.6583 0.836004 0.255064 -1 -0.000404 4e-06
-11.2732 18.3988 -56.6818 0.784985 0.238571 -1 -0.000404 4e-06
-11.2725 16.7795 -56.6668 0.784985 0.255064 -1 -0.000404 4e-06
-11.2732 18.4453 -51.6733 0.836004 0.238571 -1 -0.000403 4e-06
-11.2732 18.3988 -56.6818 0.784985 0.238571 -1 -0.000404 4e-06
-11.2725 16.8261 -51.6583 0.836004 0.255064 -1 -0.000404 4e-06
-8.79098 16.8249 -51.6583 0.835961 0.210606 -0.000482 -0.999957 0.009286
-11.2725 16.7795 -56.6668 0.784943 0.235883 -0.000482 -0.999957 0.009286
-8.79098 16.7783 -56.6668 0.784943 0.210606 -0.000482 -0.999957 0.009286
-11.2725 16.8261 -51.6583 0.835961 0.235883 -0.000482 -0.999957 0.009286
-11.2725 16.7795 -56.6668 0.784943 0.235883 -0.000482 -0.999957 0.009286
-8.79098 16.8249 -51.6583 0.835961 0.210606 -0.000482 -0.999957 0.009286
-8.80019 18.4441 -51.6733 0.76158 0.205018 -0 0.009286 0.999957
-11.2725 16.8261 -51.6583 0.750631 0.188288 -0 0.009286 0.999957
-8.79098 16.8249 -51.6583 0.750621 0.20508 0 0.009286 0.999957
-11.2732 18.4453 -51.6733 0.761588 0.188283 -0 0.009286 0.999957
-11.2725 16.8261 -51.6583 0.750631 0.188288 -0 0.009286 0.999957
-8.80019 18.4441 -51.6733 0.76158 0.205018 -0 0.009286 0.999957
-8.80019 18.3976 -56.6818 0.784943 0.2107 0.000484 0.999957 -0.009286
-11.2732 18.4453 -51.6733 0.835961 0.235889 0.000484 0.999957 -0.009286
-8.80019 18.4441 -51.6733 0.835961 0.2107 0.000484 0.999957 -0.009286
-11.2732 18.3988 -56.6818 0.784943 0.235889 0.000484 0.999957 -0.009286
-11.2732 18.4453 -51.6733 0.835961 0.235889 0.000484 0.999957 -0.009286
-8.80019 18.3976 -56.6818 0.784943 0.2107 0.000484 0.999957 -0.009286
-9.30564 17.1054 -57.801 0.750302 0.228048 1e-06 -0.009286 -0.999957
-10.7585 18.0421 -57.8097 0.763674 0.248786 1e-06 -0.009286 -0.999957
-9.30776 18.0473 -57.8098 0.763747 0.228078 0 -0.009286 -0.999957
-10.765 17.1088 -57.8011 0.750351 0.248876 2e-06 -0.009286 -0.999957
-10.7585 18.0421 -57.8097 0.763674 0.248786 1e-06 -0.009286 -0.999957
-9.30564 17.1054 -57.801 0.750302 0.228048 1e-06 -0.009286 -0.999957
-8.80019 18.3976 -56.6818 0.784985 0.238582 0.992418 0.001145 -0.122902
-8.99501 16.897 -58.269 0.768677 0.253717 0.992418 0.001145 -0.122902
-8.99355 18.2533 -58.2816 0.768677 0.239901 0.992796 -0.002182 -0.119801
-8.79098 16.7783 -56.6668 0.784985 0.255077 0.99202 0.004473 -0.125999
-8.99501 16.897 -58.269 0.768677 0.253717 0.992418 0.001145 -0.122902
-8.80019 18.3976 -56.6818 0.784985 0.238582 0.992418 0.001145 -0.122902
-11.2725 16.7795 -56.6668 0.784943 0.235883 0.000457 -0.99737 -0.072475
-8.99501 16.897 -58.269 0.768634 0.212684 0.000457 -0.99737 -0.072475
-8.79098 16.7783 -56.6668 0.784943 0.210606 -0.000481 -0.997273 -0.073801
-11.0792 16.8941 -58.2689 0.768636 0.233913 0.001394 -0.997465 -0.071149
-8.99501 16.897 -58.269 0.768634 0.212684 0.000457 -0.99737 -0.072475
-11.2725 16.7795 -56.6668 0.784943 0.235883 0.000457 -0.99737 -0.072475
-11.2732 18.3988 -56.6818 0.784985 0.238571 -0.992676 -0.000576 -0.120802
-11.0792 16.8941 -58.2689 0.768677 0.253746 -0.992676 -0.000576 -0.120802
-11.2725 16.7795 -56.6668 0.784985 0.255064 -0.992782 -0.001515 -0.119924
-11.0771 18.2583 -58.2816 0.768677 0.239849 -0.99257 0.000364 -0.121679
-11.0792 16.8941 -58.2689 0.768677 0.253746 -0.992676 -0.000576 -0.120802
-11.2732 18.3988 -56.6818 0.784985 0.238571 -0.992676 -0.000576 -0.120802
-8.80019 18.3976 -56.6818 0.784943 0.2107 0.001451 0.996053 -0.088751
-11.0771 18.2583 -58.2816 0.768634 0.233891 0.001451 0.996053 -0.088751
-11.2732 18.3988 -56.6818 0.784943 0.235889 0.000483 0.996175 -0.087383
-8.99355 18.2533 -58.2816 0.768634 0.21267 0.002419 0.995928 -0.090118
-11.0771 18.2583 -58.2816 0.768634 0.233891 0.001451 0.996053 -0.088751
-8.80019 18.3976 -56.6818 0.784943 0.2107 0.001451 0.996053 -0.088751
-8.99501 16.897 -58.269 0.74739 0.223614 -0.833001 -0.005625 -0.553243
-9.30776 18.0473 -57.8098 0.763747 0.228078 -0.833001 -0.005625 -0.553243
-8.99355 18.2533 -58.2816 0.766749 0.223592 -0.831443 -0.004264 -0.555594
-9.30564 17.1054 -57.801 0.750302 0.228048 -0.834551 -0.006986 -0.550886
-9.30776 18.0473 -57.8098 0.763747 0.228078 -0.833001 -0.005625 -0.553243
-8.99501 16.897 -58.269 0.74739 0.223614 -0.833001 -0.005625 -0.553243
-8.99501 16.897 -58.269 0.74739 0.223614 0.000417 0.911641 -0.410987
-10.765 17.1088 -57.8011 0.750351 0.248876 0.000417 0.911641 -0.410987
-9.30564 17.1054 -57.801 0.750302 0.228048 0.002111 0.914022 -0.405658
-11.0792 16.8941 -58.2689 0.747348 0.25336 -0.001277 0.909226 -0.416301
-10.765 17.1088 -57.8011 0.750351 0.248876 0.000417 0.911641 -0.410987
-8.99501 16.897 -58.269 0.74739 0.223614 0.000417 0.911641 -0.410987
-11.0792 16.8941 -58.2689 0.747348 0.25336 0.829922 -0.008679 -0.557812
-10.7585 18.0421 -57.8097 0.763674 0.248786 0.829922 -0.008679 -0.557812
-10.765 17.1088 -57.8011 0.750351 0.248876 0.832432 -0.010896 -0.554021
-11.0771 18.2583 -58.2816 0.766821 0.253332 0.827392 -0.006461 -0.561588
-10.7585 18.0421 -57.8097 0.763674 0.248786 0.829922 -0.008679 -0.557812
-11.0792 16.8941 -58.2689 0.747348 0.25336 0.829922 -0.008679 -0.557812
-8.99355 18.2533 -58.2816 0.766749 0.223592 0.000539 -0.913528 -0.406775
-10.7585 18.0421 -57.8097 0.763674 0.248786 0.000539 -0.913528 -0.406775
-11.0771 18.2583 -58.2816 0.766821 0.253332 -0.002198 -0.909685 -0.415294
-9.30776 18.0473 -57.8098 0.763747 0.228078 0.003276 -0.917285 -0.398218
-10.7585 18.0421 -57.8097 0.763674 0.248786 0.000539 -0.913528 -0.406775
-8.99355 18.2533 -58.2816 0.766749 0.223592 0.000539 -0.913528 -0.406775
5.12244 18.1402 -49.3624 0.658917 0.00486302 0.681729 0.668386 0.297498
3.84921 18.1175 -48.5636 0.654278 0.015699 0.074416 0.546736 0.833992
4.72823 17.7534 -48.5602 0.654278 0.00486302 0.433728 0.336266 0.835946
3.84921 18.6675 -49.3673 0.658917 0.015699 0.011409 0.955481 0.294832
3.84921 18.1175 -48.5636 0.654278 0.015699 0.074416 0.546736 0.833992
5.12244 18.1402 -49.3624 0.658917 0.00486302 0.681729 0.668386 0.297498
3.84921 18.6675 -49.3673 0.658917 0.015699 0.011409 0.955481 0.294832
2.97018 17.7534 -48.5602 0.654278 0.026534 -0.328488 0.441501 0.834969
3.84921 18.1175 -48.5636 0.654278 0.015699 0.074416 0.546736 0.833992
2.57597 18.1402 -49.3624 0.658918 0.026534 -0.665595 0.68452 0.297348
2.97018 17.7534 -48.5602 0.654278 0.026534 -0.328488 0.441501 0.834969
3.84921 18.6675 -49.3673 0.658917 0.015699 0.011409 0.955481 0.294832
2.57597 18.1402 -49.3624 0.658918 0.026534 -0.665595 0.68452 0.297348
2.60607 16.8744 -48.5521 0.654278 0.037369 -0.538968 0.082204 0.838305
2.97018 17.7534 -48.5602 0.654278 0.026534 -0.328488 0.441501 0.834969
2.04858 16.867 -49.3506 0.658917 0.037371 -0.952702 0.014229 0.303573
2.60607 16.8744 -48.5521 0.654278 0.037369 -0.538968 0.082204 0.838305
2.57597 18.1402 -49.3624 0.658918 0.026534 -0.665595 0.68452 0.297348
2.04858 16.867 -49.3506 0.658917 0.037371 -0.952702 0.014229 0.303573
2.97018 15.9954 -48.5439 0.654278 0.048205 -0.433728 -0.320682 0.842047
2.60607 16.8744 -48.5521 0.654278 0.037369 -0.538968 0.082204 0.838305
2.57597 15.5938 -49.3388 0.658917 0.048205 -0.681729 -0.662746 0.30986
2.97018 15.9954 -48.5439 0.654278 0.048205 -0.433728 -0.320682 0.842047
2.04858 16.867 -49.3506 0.658917 0.037371 -0.952702 0.014229 0.303573
2.57597 15.5938 -49.3388 0.658917 0.048205 -0.681729 -0.662746 0.30986
3.84921 15.6313 -48.5405 0.654278 0.05904 -0.074415 -0.531154 0.844001
2.97018 15.9954 -48.5439 0.654278 0.048205 -0.433728 -0.320682 0.842047
3.84921 15.0664 -49.3339 0.658917 0.059041 -0.011409 -0.949841 0.312525
3.84921 15.6313 -48.5405 0.654278 0.05904 -0.074415 -0.531154 0.844001
2.57597 15.5938 -49.3388 0.658917 0.048205 -0.681729 -0.662746 0.30986
3.84921 15.0664 -49.3339 0.658917 0.059041 -0.011409 -0.949841 0.312525
4.72823 15.9954 -48.5439 0.654278 0.069877 0.328488 -0.425918 0.843024
3.84921 15.6313 -48.5405 0.654278 0.05904 -0.074415 -0.531154 0.844001
5.12244 15.5938 -49.3388 0.658917 0.069876 0.665595 -0.67888 0.310009
4.72823 15.9954 -48.5439 0.654278 0.069877 0.328488 -0.425918 0.843024
3.84921 15.0664 -49.3339 0.658917 0.059041 -0.011409 -0.949841 0.312525
5.12244 15.5938 -49.3388 0.658917 0.069876 0.665595 -0.67888 0.310009
5.09234 16.8744 -48.5521 0.654278 0.080712 0.538969 -0.066621 0.839687
4.72823 15.9954 -48.5439 0.654278 0.069877 0.328488 -0.425918 0.843024
5.64983 16.867 -49.3506 0.658917 0.080712 0.952702 -0.008588 0.303784
5.09234 16.8744 -48.5521 0.654278 0.080712 0.538969 -0.066621 0.839687
5.12244 15.5938 -49.3388 0.658917 0.069876 0.665595 -0.67888 0.310009
5.64983 16.867 -49.3506 0.658917 0.080712 0.952702 -0.008588 0.303784
4.72823 17.7534 -48.5602 0.654278 0.091548 0.433728 0.336266 0.835946
5.09234 16.8744 -48.5521 0.654278 0.080712 0.538969 -0.066621 0.839687
5.12244 18.1402 -49.3624 0.658918 0.091548 0.681729 0.668386 0.297498
4.72823 17.7534 -48.5602 0.654278 0.091548 0.433728 0.336266 0.835946
5.64983 16.867 -49.3506 0.658917 0.080712 0.952702 -0.008588 0.303784
3.84921 16.8744 -48.5521 0.669045 0.112874 0 0.009286 0.999957
4.72823 17.7534 -48.5602 0.682806 0.126633 0.433728 0.336266 0.835946
3.84921 18.1175 -48.5636 0.688505 0.112874 0.074416 0.546736 0.833992
3.84921 16.8744 -48.5521 0.669045 0.112874 0 0.009286 0.999957
3.84921 18.1175 -48.5636 0.688505 0.112874 0.074416 0.546736 0.833992
2.97018 17.7534 -48.5602 0.682804 0.099113 -0.328488 0.441501 0.834969
3.84921 16.8744 -48.5521 0.669045 0.112874 0 0.009286 0.999957
2.97018 17.7534 -48.5602 0.682804 0.099113 -0.328488 0.441501 0.834969
2.60607 16.8744 -48.5521 0.669045 0.093414 -0.538968 0.082204 0.838305
3.84921 16.8744 -48.5521 0.669045 0.112874 0 0.009286 0.999957
2.60607 16.8744 -48.5521 0.669045 0.093414 -0.538968 0.082204 0.838305
2.97018 15.9954 -48.5439 0.655286 0.099113 -0.433728 -0.320682 0.842047
3.84921 16.8744 -48.5521 0.669045 0.112874 0 0.009286 0.999957
2.97018 15.9954 -48.5439 0.655286 0.099113 -0.433728 -0.320682 0.842047
3.84921 15.6313 -48.5405 0.649585 0.112874 -0.074415 -0.531154 0.844001
3.84921 16.8744 -48.5521 0.669045 0.112874 0 0.009286 0.999957
3.84921 15.6313 -48.5405 0.649585 0.112874 -0.074415 -0.531154 0.844001
4.72823 15.9954 -48.5439 0.655286 0.126633 0.328488 -0.425918 0.843024
3.84921 16.8744 -48.5521 0.669045 0.112874 0 0.009286 0.999957
4.72823 15.9954 -48.5439 0.655286 0.126633 0.328488 -0.425918 0.843024
5.09234 16.8744 -48.5521 0.669045 0.132332 0.538969 -0.066621 0.839687
3.84921 16.8744 -48.5521 0.669045 0.112874 0 0.009286 0.999957
5.09234 16.8744 -48.5521 0.669045 0.132332 0.538969 -0.066621 0.839687
4.72823 17.7534 -48.5602 0.682806 0.126633 0.433728 0.336266 0.835946
5.12244 18.1141 -52.1701 0.686217 0.00486302 0.603748 0.797141 -0.007403
3.84921 18.6675 -49.3673 0.658917 0.015699 0.011409 0.955481 0.294832
5.12244 18.1402 -49.3624 0.658917 0.00486302 0.681729 0.668386 0.297498
3.84921 18.6415 -52.175 0.686217 0.015699 -0.136774 0.99056 -0.009199
3.84921 18.6675 -49.3673 0.658917 0.015699 0.011409 0.955481 0.294832
5.12244 18.1141 -52.1701 0.686217 0.00486302 0.603748 0.797141 -0.007403
3.84921 18.6415 -52.175 0.686217 0.015699 -0.136774 0.99056 -0.009199
2.57597 18.1402 -49.3624 0.658918 0.026534 -0.665595 0.68452 0.297348
3.84921 18.6675 -49.3673 0.658917 0.015699 0.011409 0.955481 0.294832
2.57597 18.1141 -52.1701 0.686217 0.026534 -0.797175 0.603722 -0.005606
2.57597 18.1402 -49.3624 0.658918 0.026534 -0.665595 0.68452 0.297348
3.84921 18.6415 -52.175 0.686217 0.015699 -0.136774 0.99056 -0.009199
2.57597 18.1141 -52.1701 0.686217 0.026534 -0.797175 0.603722 -0.005606
2.04858 16.867 -49.3506 0.658917 0.037371 -0.952702 0.014229 0.303573
2.57597 18.1402 -49.3624 0.658918 0.026534 -0.665595 0.68452 0.297348
2.04858 16.8409 -52.1582 0.686218 0.037369 -0.990602 -0.136767 0.00127
2.04858 16.867 -49.3506 0.658917 0.037371 -0.952702 0.014229 0.303573
2.57597 18.1141 -52.1701 0.686217 0.026534 -0.797175 0.603722 -0.005606
2.04858 16.8409 -52.1582 0.686218 0.037369 -0.990602 -0.136767 0.00127
2.57597 15.5938 -49.3388 0.658917 0.048205 -0.681729 -0.662746 0.30986
2.04858 16.867 -49.3506 0.658917 0.037371 -0.952702 0.014229 0.303573
2.57597 15.5677 -52.1464 0.686217 0.048205 -0.603748 -0.797141 0.007403
2.57597 15.5938 -49.3388 0.658917 0.048205 -0.681729 -0.662746 0.30986
2.04858 16.8409 -52.1582 0.686218 0.037369 -0.990602 -0.136767 0.00127
2.57597 15.5677 -52.1464 0.686217 0.048205 -0.603748 -0.797141 0.007403
3.84921 15.0664 -49.3339 0.658917 0.059041 -0.011409 -0.949841 0.312525
2.57597 15.5938 -49.3388 0.658917 0.048205 -0.681729 -0.662746 0.30986
3.84921 15.0404 -52.1415 0.686217 0.059041 0.136773 -0.99056 0.009199
3.84921 15.0664 -49.3339 0.658917 0.059041 -0.011409 -0.949841 0.312525
2.57597 15.5677 -52.1464 0.686217 0.048205 -0.603748 -0.797141 0.007403
3.84921 15.0404 -52.1415 0.686217 0.059041 0.136773 -0.99056 0.009199
5.12244 15.5938 -49.3388 0.658917 0.069876 0.665595 -0.67888 0.310009
3.84921 15.0664 -49.3339 0.658917 0.059041 -0.011409 -0.949841 0.312525
5.12244 15.5677 -52.1464 0.686217 0.069877 0.797175 -0.603722 0.005606
5.12244 15.5938 -49.3388 0.658917 0.069876 0.665595 -0.67888 0.310009
3.84921 15.0404 -52.1415 0.686217 0.059041 0.136773 -0.99056 0.009199
5.12244 15.5677 -52.1464 0.686217 0.069877 0.797175 -0.603722 0.005606
5.64983 16.867 -49.3506 0.658917 0.080712 0.952702 -0.008588 0.303784
5.12244 15.5938 -49.3388 0.658917 0.069876 0.665595 -0.67888 0.310009
5.64983 16.8409 -52.1582 0.686217 0.080712 0.990602 0.136768 -0.00127
5.64983 16.867 -49.3506 0.658917 0.080712 0.952702 -0.008588 0.303784
5.12244 15.5677 -52.1464 0.686217 0.069877 0.797175 -0.603722 0.005606
5.64983 16.8409 -52.1582 0.686217 0.080712 0.990602 0.136768 -0.00127
5.12244 18.1402 -49.3624 0.658918 0.091548 0.681729 0.668386 0.297498
5.64983 16.867 -49.3506 0.658917 0.080712 0.952702 -0.008588 0.303784
5.12244 18.1141 -52.1701 0.686218 0.091548 0.603748 0.797141 -0.007403
5.12244 18.1402 -49.3624 0.658918 0.091548 0.681729 0.668386 0.297498
5.64983 16.8409 -52.1582 0.686217 0.080712 0.990602 0.136768 -0.00127
-2.81518 18.1402 -49.3624 0.658917 0.00486302 0.681729 0.668386 0.297498
-4.08842 18.1175 -48.5636 0.654278 0.015699 0.074416 0.546736 0.833992
-3.20939 17.7534 -48.5602 0.654278 0.00486302 0.433728 0.336265 0.835946
-4.08842 18.6675 -49.3673 0.658917 0.015699 0.011409 0.955481 0.294832
-4.08842 18.1175 -48.5636 0.654278 0.015699 0.074416 0.546736 0.833992
-2.81518 18.1402 -49.3624 0.658917 0.00486302 0.681729 0.668386 0.297498
-4.08842 18.6675 -49.3673 0.658917 0.015699 0.011409 0.955481 0.294832
-4.96744 17.7534 -48.5602 0.654278 0.026534 -0.328488 0.441501 0.834969
-4.08842 18.1175 -48.5636 0.654278 0.015699 0.074416 0.546736 0.833992
-5.36165 18.1402 -49.3624 0.658918 0.026534 -0.665595 0.68452 0.297348
-4.96744 17.7534 -48.5602 0.654278 0.026534 -0.328488 0.441501 0.834969
-4.08842 18.6675 -49.3673 0.658917 0.015699 0.011409 0.955481 0.294832
-5.36165 18.1402 -49.3624 0.658918 0.026534 -0.665595 0.68452 0.297348
-5.33155 16.8744 -48.5521 0.654278 0.037369 -0.538969 0.082204 0.838305
-4.96744 17.7534 -48.5602 0.654278 0.026534 -0.328488 0.441501 0.834969
-5.88904 16.867 -49.3506 0.658917 0.037371 -0.952702 0.014229 0.303572
-5.33155 16.8744 -48.5521 0.654278 0.037369 -0.538969 0.082204 0.838305
-5.36165 18.1402 -49.3624 0.658918 0.026534 -0.665595 0.68452 0.297348
-5.88904 16.867 -49.3506 0.658917 0.037371 -0.952702 0.014229 0.303572
-4.96744 15.9954 -48.5439 0.654278 0.048205 -0.433728 -0.320682 0.842047
-5.33155 16.8744 -48.5521 0.654278 0.037369 -0.538969 0.082204 0.838305
-5.36165 15.5938 -49.3388 0.658917 0.048205 -0.681729 -0.662746 0.30986
-4.96744 15.9954 -48.5439 0.654278 0.048205 -0.433728 -0.320682 0.842047
-5.88904 16.867 -49.3506 0.658917 0.037371 -0.952702 0.014229 0.303572
-5.36165 15.5938 -49.3388 0.658917 0.048205 -0.681729 -0.662746 0.30986
-4.08842 15.6313 -48.5405 0.654278 0.05904 -0.074416 -0.531154 0.844001
-4.96744 15.9954 -48.5439 0.654278 0.048205 -0.433728 -0.320682 0.842047
-4.08842 15.0664 -49.3339 0.658917 0.059041 -0.011409 -0.949841 0.312525
-4.08842 15.6313 -48.5405 0.654278 0.05904 -0.074416 -0.531154 0.844001
-5.36165 15.5938 -49.3388 0.658917 0.048205 -0.681729 -0.662746 0.30986
-4.08842 15.0664 -49.3339 0.658917 0.059041 -0.011409 -0.949841 0.312525
-3.20939 15.9954 -48.5439 0.654278 0.069877 0.328488 -0.425918 0.843024
-4.08842 15.6313 -48.5405 0.654278 0.05904 -0.074416 -0.531154 0.844001
-2.81518 15.5938 -49.3388 0.658917 0.069876 0.665595 -0.67888 0.310009
-3.20939 15.9954 -48.5439 0.654278 0.069877 0.328488 -0.425918 0.843024
-4.08842 15.0664 -49.3339 0.658917 0.059041 -0.011409 -0.949841 0.312525
-2.81518 15.5938 -49.3388 0.658917 0.069876 0.665595 -0.67888 0.310009
-2.84528 16.8744 -48.5521 0.654278 0.080712 0.538969 -0.066621 0.839687
-3.20939 15.9954 -48.5439 0.654278 0.069877 0.328488 -0.425918 0.843024
-2.28779 16.867 -49.3506 0.658917 0.080712 0.952702 -0.008588 0.303784
-2.84528 16.8744 -48.5521 0.654278 0.080712 0.538969 -0.066621 0.839687
-2.81518 15.5938 -49.3388 0.658917 0.069876 0.665595 -0.67888 0.310009
-2.28779 16.867 -49.3506 0.658917 0.080712 0.952702 -0.008588 0.303784
-3.20939 17.7534 -48.5602 0.654278 0.091548 0.433728 0.336265 0.835946
-2.84528 16.8744 -48.5521 0.654278 0.080712 0.538969 -0.066621 0.839687
-2.81518 18.1402 -49.3624 0.658918 0.091548 0.681729 0.668386 0.297498
-3.20939 17.7534 -48.5602 0.654278 0.091548 0.433728 0.336265 0.835946
-2.28779 16.867 -49.3506 0.658917 0.080712 0.952702 -0.008588 0.303784
-4.08842 16.8744 -48.5521 0.669045 0.112874 0 0.009286 0.999957
-3.20939 17.7534 -48.5602 0.682806 0.126633 0.433728 0.336265 0.835946
-4.08842 18.1175 -48.5636 0.688505 0.112874 0.074416 0.546736 0.833992
-4.08842 16.8744 -48.5521 0.669045 0.112874 0 0.009286 0.999957
-4.08842 18.1175 -48.5636 0.688505 0.112874 0.074416 0.546736 0.833992
-4.96744 17.7534 -48.5602 0.682804 0.099113 -0.328488 0.441501 0.834969
-4.08842 16.8744 -48.5521 0.669045 0.112874 0 0.009286 0.999957
-4.96744 17.7534 -48.5602 0.682804 0.099113 -0.328488 0.441501 0.834969
-5.33155 16.8744 -48.5521 0.669045 0.093414 -0.538969 0.082204 0.838305
-4.08842 16.8744 -48.5521 0.669045 0.112874 0 0.009286 0.999957
-5.33155 16.8744 -48.5521 0.669045 0.093414 -0.538969 0.082204 0.838305
-4.96744 15.9954 -48.5439 0.655286 0.099113 -0.433728 -0.320682 0.842047
-4.08842 16.8744 -48.5521 0.669045 0.112874 0 0.009286 0.999957
-4.96744 15.9954 -48.5439 0.655286 0.099113 -0.433728 -0.320682 0.842047
-4.08842 15.6313 -48.5405 0.649585 0.112874 -0.074416 -0.531154 0.844001
-4.08842 16.8744 -48.5521 0.669045 0.112874 0 0.009286 0.999957
-4.08842 15.6313 -48.5405 0.649585 0.112874 -0.074416 -0.531154 0.844001
-3.20939 15.9954 -48.5439 0.655286 0.126633 0.328488 -0.425918 0.843024
-4.08842 16.8744 -48.5521 0.669045 0.112874 0 0.009286 0.999957
-3.20939 15.9954 -48.5439 0.655286 0.126633 0.328488 -0.425918 0.843024
-2.84528 16.8744 -48.5521 0.669045 0.132332 0.538969 -0.066621 0.839687
-4.08842 16.8744 -48.5521 0.669045 0.112874 0 0.009286 0.999957
-2.84528 16.8744 -48.5521 0.669045 0.132332 0.538969 -0.066621 0.839687
-3.20939 17.7534 -48.5602 0.682806 0.126633 0.433728 0.336265 0.835946
-2.81518 18.1141 -52.1701 0.686217 0.00486302 0.603748 0.797141 -0.007403
-4.08842 18.6675 -49.3673 0.658917 0.015699 0.011409 0.955481 0.294832
-2.81518 18.1402 -49.3624 0.658917 0.00486302 0.681729 0.668386 0.297498
-4.08842 18.6415 -52.175 0.686217 0.015699 -0.136774 0.99056 -0.009199
-4.08842 18.6675 -49.3673 0.658917 0.015699 0.011409 0.955481 0.294832
-2.81518 18.1141 -52.1701 0.686217 0.00486302 0.603748 0.797141 -0.007403
-4.08842 18.6415 -52.175 0.686217 0.015699 -0.136774 0.99056 -0.009199
-5.36165 18.1402 -49.3624 0.658918 0.026534 -0.665595 0.68452 0.297348
-4.08842 18.6675 -49.3673 0.658917 0.015699 0.011409 0.955481 0.294832
-5.36165 18.1141 -52.1701 0.686217 0.026534 -0.797175 0.603722 -0.005606
-5.36165 18.1402 -49.3624 0.658918 0.026534 -0.665595 0.68452 0.297348
-4.08842 18.6415 -52.175 0.686217 0.015699 -0.136774 0.99056 -0.009199
-5.36165 18.1141 -52.1701 0.686217 0.026534 -0.797175 0.603722 -0.005606
-5.88904 16.867 -49.3506 0.658917 0.037371 -0.952702 0.014229 0.303572
-5.36165 18.1402 -49.3624 0.658918 0.026534 -0.665595 0.68452 0.297348
-5.88904 16.8409 -52.1582 0.686218 0.037369 -0.990602 -0.136767 0.00127
-5.88904 16.867 -49.3506 0.658917 0.037371 -0.952702 0.014229 0.303572
-5.36165 18.1141 -52.1701 0.686217 0.026534 -0.797175 0.603722 -0.005606
-5.88904 16.8409 -52.1582 0.686218 0.037369 -0.990602 -0.136767 0.00127
-5.36165 15.5938 -49.3388 0.658917 0.048205 -0.681729 -0.662746 0.30986
-5.88904 16.867 -49.3506 0.658917 0.037371 -0.952702 0.014229 0.303572
-5.36165 15.5677 -52.1464 0.686217 0.048205 -0.603748 -0.797141 0.007403
-5.36165 15.5938 -49.3388 0.658917 0.048205 -0.681729 -0.662746 0.30986
-5.88904 16.8409 -52.1582 0.686218 0.037369 -0.990602 -0.136767 0.00127
-5.36165 15.5677 -52.1464 0.686217 0.048205 -0.603748 -0.797141 0.007403
-4.08842 15.0664 -49.3339 0.658917 0.059041 -0.011409 -0.949841 0.312525
-5.36165 15.5938 -49.3388 0.658917 0.048205 -0.681729 -0.662746 0.30986
-4.08842 15.0404 -52.1415 0.686217 0.059041 0.136773 -0.99056 0.009199
-4.08842 15.0664 -49.3339 0.658917 0.059041 -0.011409 -0.949841 0.312525
-5.36165 15.5677 -52.1464 0.686217 0.048205 -0.603748 -0.797141 0.007403
-4.08842 15.0404 -52.1415 0.686217 0.059041 0.136773 -0.99056 0.009199
-2.81518 15.5938 -49.3388 0.658917 0.069876 0.665595 -0.67888 0.310009
-4.08842 15.0664 -49.3339 0.658917 0.059041 -0.011409 -0.949841 0.312525
-2.81518 15.5677 -52.1464 0.686217 0.069877 0.797175 -0.603722 0.005606
-2.81518 15.5938 -49.3388 0.658917 0.069876 0.665595 -0.67888 0.310009
-4.08842 15.0404 -52.1415 0.686217 0.059041 0.136773 -0.99056 0.009199
-2.81518 15.5677 -52.1464 0.686217 0.069877 0.797175 -0.603722 0.005606
-2.28779 16.867 -49.3506 0.658917 0.080712 0.952702 -0.008588 0.303784
-2.81518 15.5938 -49.3388 0.658917 0.069876 0.665595 -0.67888 0.310009
-2.28779 16.8409 -52.1582 0.686217 0.080712 0.990602 0.136768 -0.00127
-2.28779 16.867 -49.3506 0.658917 0.080712 0.952702 -0.008588 0.303784
-2.81518 15.5677 -52.1464 0.686217 0.069877 0.797175 -0.603722 0.005606
-2.28779 16.8409 -52.1582 0.686217 0.080712 0.990602 0.136768 -0.00127
-2.81518 18.1402 -49.3624 0.658918 0.091548 0.681729 0.668386 0.297498
-2.28779 16.867 -49.3506 0.658917 0.080712 0.952702 -0.008588 0.303784
-2.81518 18.1141 -52.1701 0.686218 0.091548 0.603748 0.797141 -0.007403
-2.81518 18.1402 -49.3624 0.658918 0.091548 0.681729 0.668386 0.297498
-2.28779 16.8409 -52.1582 0.686217 0.080712 0.990602 0.136768 -0.00127
