Vertex Count: 288

Data:

-0.072036 50.4043 -1.36656 0.448414 0.19333 4e-06 0.594367 -0.804194
0.072539 50.0483 -2.56594 0.424871 0.200082 0 0.958657 -0.284565
-0.072036 50.0483 -2.56594 0.424871 0.200082 0 0.958657 -0.284565
0.072539 50.4043 -1.36656 0.448414 0.19333 4e-06 0.594367 -0.804194
0.072539 50.0483 -2.56594 0.424871 0.200082 0 0.958657 -0.284565
-0.072036 50.4043 -1.36656 0.448414 0.19333 4e-06 0.594367 -0.804194
-0.072036 52.1739 -0.431055 0.467048 0.15886 1e-06 -0.278018 0.960576
0.072539 52.4521 -0.25164 0.470611 0.153447 -5e-06 -0.541942 0.840416
-0.072036 52.4521 -0.25164 0.470611 0.153447 -5e-06 -0.541942 0.840416
0.072539 52.1739 -0.431055 0.467048 0.15886 1e-06 -0.278018 0.960576
0.072539 52.4521 -0.25164 0.470611 0.153447 -5e-06 -0.541942 0.840416
-0.072036 52.1739 -0.431055 0.467048 0.15886 1e-06 -0.278018 0.960576
-0.072036 50.0483 -2.56594 0.424871 0.200082 0 -0.98038 -0.197118
0.072539 49.6143 -0.407285 0.467048 0.20897 0 -0.98038 -0.197118
-0.072036 49.6143 -0.407285 0.467048 0.20897 0 -0.98038 -0.197118
0.072539 50.0483 -2.56594 0.424871 0.200082 0 -0.98038 -0.197118
0.072539 49.6143 -0.407285 0.467048 0.20897 0 -0.98038 -0.197118
-0.072036 50.0483 -2.56594 0.424871 0.200082 0 -0.98038 -0.197118
0.072539 50.4043 -1.36656 0.448414 0.19333 1 0 -0
0.072539 49.6143 -0.407285 0.467048 0.20897 1 0 -0
0.072539 50.0483 -2.56594 0.424871 0.200082 1 0 -0
0.072539 50.4075 -0.414651 0.467048 0.193442 1 0 -0
0.072539 49.6143 -0.407285 0.467048 0.20897 1 0 -0
0.072539 50.4043 -1.36656 0.448414 0.19333 1 0 -0
-0.072036 49.6143 -0.407285 0.467048 0.20897 -1 0 -0
-0.072036 50.4043 -1.36656 0.448414 0.19333 -1 0 -0
-0.072036 50.0483 -2.56594 0.424871 0.200082 -1 0 -0
-0.072036 50.4075 -0.414651 0.467048 0.193442 -1 0 -0
-0.072036 50.4043 -1.36656 0.448414 0.19333 -1 0 -0
-0.072036 49.6143 -0.407285 0.467048 0.20897 -1 0 -0
-0.072036 52.1651 -1.38291 0.448414 0.15886 4e-06 -0.602924 -0.797798
0.072539 50.4043 -1.36656 0.448414 0.19333 4e-06 0.594367 -0.804194
-0.072036 50.4043 -1.36656 0.448414 0.19333 4e-06 0.594367 -0.804194
0.072539 52.1651 -1.38291 0.448414 0.15886 4e-06 -0.602924 -0.797798
0.072539 50.4043 -1.36656 0.448414 0.19333 4e-06 0.594367 -0.804194
-0.072036 52.1651 -1.38291 0.448414 0.15886 4e-06 -0.602924 -0.797798
-0.072036 49.6143 -0.407285 0.467048 0.20897 -5e-06 0.009286 0.999957
0.072539 50.4075 -0.414651 0.467048 0.193442 1e-06 0.009286 0.999957
-0.072036 50.4075 -0.414651 0.467048 0.193442 1e-06 0.009286 0.999957
0.072539 49.6143 -0.407285 0.467048 0.20897 -5e-06 0.009286 0.999957
0.072539 50.4075 -0.414651 0.467048 0.193442 1e-06 0.009286 0.999957
-0.072036 49.6143 -0.407285 0.467048 0.20897 -5e-06 0.009286 0.999957
0.072539 50.4043 -1.36656 0.448414 0.19333 1 0 -0
0.072539 52.1739 -0.431055 0.467048 0.15886 1 0 -0
0.072539 50.4075 -0.414651 0.467048 0.193442 1 0 -0
0.072539 52.1651 -1.38291 0.448414 0.15886 1 0 -0
0.072539 52.1739 -0.431055 0.467048 0.15886 1 0 -0
0.072539 50.4043 -1.36656 0.448414 0.19333 1 0 -0
-0.072036 52.1739 -0.431055 0.467048 0.15886 -1 0 -0
-0.072036 50.4043 -1.36656 0.448414 0.19333 -1 0 -0
-0.072036 50.4075 -0.414651 0.467048 0.193442 -1 0 -0
-0.072036 52.1651 -1.38291 0.448414 0.15886 -1 0 -0
-0.072036 50.4043 -1.36656 0.448414 0.19333 -1 0 -0
-0.072036 52.1739 -0.431055 0.467048 0.15886 -1 0 -0
-0.072036 50.4075 -0.414651 0.467048 0.193442 1e-06 0.009286 0.999957
0.072539 52.1739 -0.431055 0.467048 0.15886 1e-06 -0.278018 0.960576
-0.072036 52.1739 -0.431055 0.467048 0.15886 1e-06 -0.278018 0.960576
0.072539 50.4075 -0.414651 0.467048 0.193442 1e-06 0.009286 0.999957
0.072539 52.1739 -0.431055 0.467048 0.15886 1e-06 -0.278018 0.960576
-0.072036 50.4075 -0.414651 0.467048 0.193442 1e-06 0.009286 0.999957
-0.072036 52.4332 -2.2954 0.4306 0.153447 0 -0.959448 -0.281886
0.072539 52.1651 -1.38291 0.448414 0.15886 4e-06 -0.602924 -0.797798
-0.072036 52.1651 -1.38291 0.448414 0.15886 4e-06 -0.602924 -0.797798
0.072539 52.4332 -2.2954 0.4306 0.153447 0 -0.959448 -0.281886
0.072539 52.1651 -1.38291 0.448414 0.15886 4e-06 -0.602924 -0.797798
-0.072036 52.4332 -2.2954 0.4306 0.153447 0 -0.959448 -0.281886
0.072539 52.1651 -1.38291 0.448414 0.15886 1 0 -0
0.072539 52.4521 -0.25164 0.470611 0.153447 1 0 -0
0.072539 52.1739 -0.431055 0.467048 0.15886 1 0 -0
0.072539 52.4332 -2.2954 0.4306 0.153447 1 0 -0
0.072539 52.4521 -0.25164 0.470611 0.153447 1 0 -0
0.072539 52.1651 -1.38291 0.448414 0.15886 1 0 -0
-0.072036 52.4521 -0.25164 0.470611 0.153447 -1 0 -0
-0.072036 52.1651 -1.38291 0.448414 0.15886 -1 0 -0
-0.072036 52.1739 -0.431055 0.467048 0.15886 -1 0 -0
-0.072036 52.4332 -2.2954 0.4306 0.153447 -1 0 -0
-0.072036 52.1651 -1.38291 0.448414 0.15886 -1 0 -0
-0.072036 52.4521 -0.25164 0.470611 0.153447 -1 0 -0
-0.072036 52.6819 -0.785531 0.460202 0.148851 -1e-06 0.986697 -0.162572
0.072539 52.4332 -2.2954 0.4306 0.153447 -1e-06 0.986697 -0.162572
-0.072036 52.4332 -2.2954 0.4306 0.153447 -1e-06 0.986697 -0.162572
0.072539 52.6819 -0.785531 0.460202 0.148851 -1e-06 0.986697 -0.162572
0.072539 52.4332 -2.2954 0.4306 0.153447 -1e-06 0.986697 -0.162572
-0.072036 52.6819 -0.785531 0.460202 0.148851 -1e-06 0.986697 -0.162572
0.072539 52.6819 -0.785531 0.460202 0.148851 1 0 -0
0.072539 52.4521 -0.25164 0.470611 0.153447 1 0 -0
0.072539 52.4332 -2.2954 0.4306 0.153447 1 0 -0
0.072539 52.6819 -0.785531 0.460202 0.148851 -2e-06 0.918532 0.395347
-0.072036 52.4521 -0.25164 0.470611 0.153447 -2e-06 0.918532 0.395347
0.072539 52.4521 -0.25164 0.470611 0.153447 -2e-06 0.918532 0.395347
-0.072036 52.6819 -0.785531 0.460202 0.148851 -2e-06 0.918532 0.395347
-0.072036 52.4521 -0.25164 0.470611 0.153447 -2e-06 0.918532 0.395347
0.072539 52.6819 -0.785531 0.460202 0.148851 -2e-06 0.918532 0.395347
-0.072036 52.6819 -0.785531 0.460202 0.148851 -1 0 -0
-0.072036 52.4332 -2.2954 0.4306 0.153447 -1 0 -0
-0.072036 52.4521 -0.25164 0.470611 0.153447 -1 0 -0
0.880264 50.2533 -1.36516 0.448414 0.19333 0.203788 0.558811 -0.803866
0.899505 49.8687 -2.56428 0.424871 0.200082 0.325517 0.901864 -0.284043
0.763473 49.9177 -2.56473 0.424871 0.200082 0.325517 0.901864 -0.284043
1.0163 50.2044 -1.3647 0.448414 0.19333 0.203788 0.558811 -0.803866
0.899505 49.8687 -2.56428 0.424871 0.200082 0.325517 0.901864 -0.284043
0.880264 50.2533 -1.36516 0.448414 0.19333 0.203788 0.558811 -0.803866
1.47657 51.9189 -0.428687 0.467048 0.15886 -0.097168 -0.261062 0.960419
1.70626 52.1318 -0.248665 0.470611 0.153447 -0.186173 -0.509456 0.840116
1.57023 52.1808 -0.24912 0.470611 0.153447 -0.186173 -0.509456 0.840116
1.6126 51.8699 -0.428232 0.467048 0.15886 -0.097168 -0.261062 0.960419
1.70626 52.1318 -0.248665 0.470611 0.153447 -0.186173 -0.509456 0.840116
1.47657 51.9189 -0.428687 0.467048 0.15886 -0.097168 -0.261062 0.960419
0.763473 49.9177 -2.56473 0.424871 0.200082 -0.331358 -0.92257 -0.197655
0.745738 49.4615 -0.405867 0.467048 0.20897 -0.331358 -0.92257 -0.197655
0.609706 49.5105 -0.406322 0.467048 0.20897 -0.331358 -0.92257 -0.197655
0.899505 49.8687 -2.56428 0.424871 0.200082 -0.331358 -0.92257 -0.197655
0.745738 49.4615 -0.405867 0.467048 0.20897 -0.331358 -0.92257 -0.197655
0.763473 49.9177 -2.56473 0.424871 0.200082 -0.331358 -0.92257 -0.197655
1.0163 50.2044 -1.3647 0.448414 0.19333 0.940911 -0.338639 0.003145
0.745738 49.4615 -0.405867 0.467048 0.20897 0.940911 -0.338639 0.003145
0.899505 49.8687 -2.56428 0.424871 0.200082 0.940911 -0.338639 0.003145
1.01437 50.2079 -0.412798 0.467048 0.193442 0.940911 -0.338639 0.003145
0.745738 49.4615 -0.405867 0.467048 0.20897 0.940911 -0.338639 0.003145
1.0163 50.2044 -1.3647 0.448414 0.19333 0.940911 -0.338639 0.003145
0.609706 49.5105 -0.406322 0.467048 0.20897 -0.940911 0.338639 -0.003144
0.880264 50.2533 -1.36516 0.448414 0.19333 -0.940911 0.338639 -0.003145
0.763473 49.9177 -2.56473 0.424871 0.200082 -0.940911 0.338639 -0.003144
0.878337 50.2568 -0.413252 0.467048 0.193442 -0.940911 0.338639 -0.003145
0.880264 50.2533 -1.36516 0.448414 0.19333 -0.940911 0.338639 -0.003145
0.609706 49.5105 -0.406322 0.467048 0.20897 -0.940911 0.338639 -0.003144
1.47657 51.91 -1.38054 0.448414 0.15886 -0.201665 -0.567739 -0.798125
1.0163 50.2044 -1.3647 0.448414 0.19333 0.203788 0.558811 -0.803866
0.880264 50.2533 -1.36516 0.448414 0.19333 0.203788 0.558811 -0.803866
1.6126 51.8611 -1.38009 0.448414 0.15886 -0.201665 -0.567739 -0.798125
1.0163 50.2044 -1.3647 0.448414 0.19333 0.203788 0.558811 -0.803866
1.47657 51.91 -1.38054 0.448414 0.15886 -0.201665 -0.567739 -0.798125
0.609706 49.5105 -0.406322 0.467048 0.20897 -2e-06 0.009286 0.999957
1.01437 50.2079 -0.412798 0.467048 0.193442 3e-06 0.009286 0.999957
0.878337 50.2568 -0.413252 0.467048 0.193442 3e-06 0.009286 0.999957
0.745738 49.4615 -0.405867 0.467048 0.20897 -2e-06 0.009286 0.999957
1.01437 50.2079 -0.412798 0.467048 0.193442 3e-06 0.009286 0.999957
0.609706 49.5105 -0.406322 0.467048 0.20897 -2e-06 0.009286 0.999957
1.0163 50.2044 -1.3647 0.448414 0.19333 0.940911 -0.338639 0.003145
1.6126 51.8699 -0.428232 0.467048 0.15886 0.940911 -0.338639 0.003145
1.01437 50.2079 -0.412798 0.467048 0.193442 0.940911 -0.338639 0.003145
1.6126 51.8611 -1.38009 0.448414 0.15886 0.940911 -0.338639 0.003145
1.6126 51.8699 -0.428232 0.467048 0.15886 0.940911 -0.338639 0.003145
1.0163 50.2044 -1.3647 0.448414 0.19333 0.940911 -0.338639 0.003145
1.47657 51.9189 -0.428687 0.467048 0.15886 -0.940911 0.338639 -0.003146
0.880264 50.2533 -1.36516 0.448414 0.19333 -0.940911 0.338639 -0.003145
0.878337 50.2568 -0.413252 0.467048 0.193442 -0.940911 0.338639 -0.003145
1.47657 51.91 -1.38054 0.448414 0.15886 -0.940911 0.338639 -0.003146
0.880264 50.2533 -1.36516 0.448414 0.19333 -0.940911 0.338639 -0.003145
1.47657 51.9189 -0.428687 0.467048 0.15886 -0.940911 0.338639 -0.003146
0.878337 50.2568 -0.413252 0.467048 0.193442 3e-06 0.009286 0.999957
1.6126 51.8699 -0.428232 0.467048 0.15886 -0.097168 -0.261062 0.960419
1.47657 51.9189 -0.428687 0.467048 0.15886 -0.097168 -0.261062 0.960419
1.01437 50.2079 -0.412798 0.467048 0.193442 3e-06 0.009286 0.999957
1.6126 51.8699 -0.428232 0.467048 0.15886 -0.097168 -0.261062 0.960419
0.878337 50.2568 -0.413252 0.467048 0.193442 3e-06 0.009286 0.999957
1.57023 52.1618 -2.29288 0.4306 0.153447 -0.324011 -0.902917 -0.282415
1.6126 51.8611 -1.38009 0.448414 0.15886 -0.201665 -0.567739 -0.798125
1.47657 51.91 -1.38054 0.448414 0.15886 -0.201665 -0.567739 -0.798125
1.70626 52.1128 -2.29243 0.4306 0.153447 -0.324011 -0.902917 -0.282415
1.6126 51.8611 -1.38009 0.448414 0.15886 -0.201665 -0.567739 -0.798125
1.57023 52.1618 -2.29288 0.4306 0.153447 -0.324011 -0.902917 -0.282415
1.6126 51.8611 -1.38009 0.448414 0.15886 0.940911 -0.338639 0.003145
1.70626 52.1318 -0.248665 0.470611 0.153447 0.94091 -0.338641 0.003145
1.6126 51.8699 -0.428232 0.467048 0.15886 0.940911 -0.338639 0.003145
1.70626 52.1128 -2.29243 0.4306 0.153447 0.94091 -0.338641 0.003145
1.70626 52.1318 -0.248665 0.470611 0.153447 0.94091 -0.338641 0.003145
1.6126 51.8611 -1.38009 0.448414 0.15886 0.940911 -0.338639 0.003145
1.57023 52.1808 -0.24912 0.470611 0.153447 -0.940911 0.338639 -0.003145
1.47657 51.91 -1.38054 0.448414 0.15886 -0.940911 0.338639 -0.003146
1.47657 51.9189 -0.428687 0.467048 0.15886 -0.940911 0.338639 -0.003146
1.57023 52.1618 -2.29288 0.4306 0.153447 -0.940911 0.338639 -0.003145
1.47657 51.91 -1.38054 0.448414 0.15886 -0.940911 0.338639 -0.003146
1.57023 52.1808 -0.24912 0.470611 0.153447 -0.940911 0.338639 -0.003145
1.64972 52.3967 -0.782882 0.460202 0.148851 0.334662 0.928304 -0.16203
1.70626 52.1128 -2.29243 0.4306 0.153447 0.334662 0.928304 -0.16203
1.57023 52.1618 -2.29288 0.4306 0.153447 0.334662 0.928304 -0.16203
1.78576 52.3477 -0.782428 0.460202 0.148851 0.334662 0.928304 -0.16203
1.70626 52.1128 -2.29243 0.4306 0.153447 0.334662 0.928304 -0.16203
1.64972 52.3967 -0.782882 0.460202 0.148851 0.334662 0.928304 -0.16203
1.78576 52.3477 -0.782428 0.460202 0.148851 0.940909 -0.338645 0.003145
1.70626 52.1318 -0.248665 0.470611 0.153447 0.94091 -0.338641 0.003145
1.70626 52.1128 -2.29243 0.4306 0.153447 0.94091 -0.338641 0.003145
1.78576 52.3477 -0.782428 0.460202 0.148851 0.309822 0.864475 0.395845
1.57023 52.1808 -0.24912 0.470611 0.153447 0.309822 0.864475 0.395845
1.70626 52.1318 -0.248665 0.470611 0.153447 0.309822 0.864475 0.395845
1.64972 52.3967 -0.782882 0.460202 0.148851 0.309822 0.864475 0.395845
1.57023 52.1808 -0.24912 0.470611 0.153447 0.309822 0.864475 0.395845
1.78576 52.3477 -0.782428 0.460202 0.148851 0.309822 0.864475 0.395845
1.64972 52.3967 -0.782882 0.460202 0.148851 -0.940911 0.33864 -0.003145
1.57023 52.1618 -2.29288 0.4306 0.153447 -0.940911 0.338639 -0.003145
1.57023 52.1808 -0.24912 0.470611 0.153447 -0.940911 0.338639 -0.003145
-0.899504 49.8687 -2.56428 0.424871 0.200082 -0.325527 0.90186 -0.284042
-0.880264 50.2533 -1.36516 0.448414 0.19333 -0.203797 0.558809 -0.803865
-0.763472 49.9177 -2.56473 0.424871 0.200082 -0.325527 0.90186 -0.284042
-1.0163 50.2044 -1.3647 0.448414 0.19333 -0.203797 0.558809 -0.803865
-0.880264 50.2533 -1.36516 0.448414 0.19333 -0.203797 0.558809 -0.803865
-0.899504 49.8687 -2.56428 0.424871 0.200082 -0.325527 0.90186 -0.284042
-1.70626 52.1318 -0.248665 0.470611 0.153447 0.186182 -0.509459 0.840112
-1.47657 51.9189 -0.428687 0.467048 0.15886 0.097172 -0.261064 0.960418
-1.57023 52.1808 -0.24912 0.470611 0.153447 0.186182 -0.509459 0.840112
-1.6126 51.8699 -0.428232 0.467048 0.15886 0.097172 -0.261064 0.960418
-1.47657 51.9189 -0.428687 0.467048 0.15886 0.097172 -0.261064 0.960418
-1.70626 52.1318 -0.248665 0.470611 0.153447 0.186182 -0.509459 0.840112
-0.745738 49.4615 -0.405867 0.467048 0.20897 0.331367 -0.922567 -0.197653
-0.763472 49.9177 -2.56473 0.424871 0.200082 0.331367 -0.922567 -0.197653
-0.609706 49.5105 -0.406322 0.467048 0.20897 0.331367 -0.922567 -0.197653
-0.899504 49.8687 -2.56428 0.424871 0.200082 0.331367 -0.922567 -0.197653
-0.763472 49.9177 -2.56473 0.424871 0.200082 0.331367 -0.922567 -0.197653
-0.745738 49.4615 -0.405867 0.467048 0.20897 0.331367 -0.922567 -0.197653
-0.745738 49.4615 -0.405867 0.467048 0.20897 -0.940911 -0.338639 0.003145
-1.0163 50.2044 -1.3647 0.448414 0.19333 -0.940911 -0.338639 0.003144
-0.899504 49.8687 -2.56428 0.424871 0.200082 -0.940911 -0.338639 0.003145
-1.01437 50.2079 -0.412798 0.467048 0.193442 -0.940911 -0.338639 0.003144
-1.0163 50.2044 -1.3647 0.448414 0.19333 -0.940911 -0.338639 0.003144
-0.745738 49.4615 -0.405867 0.467048 0.20897 -0.940911 -0.338639 0.003145
-0.609706 49.5105 -0.406322 0.467048 0.20897 0.940911 0.338639 -0.003145
-0.880264 50.2533 -1.36516 0.448414 0.19333 0.940911 0.338639 -0.003146
-0.878337 50.2568 -0.413252 0.467048 0.193442 0.940911 0.338639 -0.003146
-0.763472 49.9177 -2.56473 0.424871 0.200082 0.940911 0.338639 -0.003145
-0.880264 50.2533 -1.36516 0.448414 0.19333 0.940911 0.338639 -0.003146
-0.609706 49.5105 -0.406322 0.467048 0.20897 0.940911 0.338639 -0.003145
-1.0163 50.2044 -1.3647 0.448414 0.19333 -0.203797 0.558809 -0.803865
-1.47657 51.91 -1.38055 0.448414 0.15886 0.201662 -0.56774 -0.798125
-0.880264 50.2533 -1.36516 0.448414 0.19333 -0.203797 0.558809 -0.803865
-1.6126 51.8611 -1.38009 0.448414 0.15886 0.201662 -0.56774 -0.798125
-1.47657 51.91 -1.38055 0.448414 0.15886 0.201662 -0.56774 -0.798125
-1.0163 50.2044 -1.3647 0.448414 0.19333 -0.203797 0.558809 -0.803865
-1.01437 50.2079 -0.412798 0.467048 0.193442 -1.1e-05 0.009286 0.999957
-0.609706 49.5105 -0.406322 0.467048 0.20897 -1.3e-05 0.009286 0.999957
-0.878337 50.2568 -0.413252 0.467048 0.193442 -1.1e-05 0.009286 0.999957
-0.745738 49.4615 -0.405867 0.467048 0.20897 -1.3e-05 0.009286 0.999957
-0.609706 49.5105 -0.406322 0.467048 0.20897 -1.3e-05 0.009286 0.999957
-1.01437 50.2079 -0.412798 0.467048 0.193442 -1.1e-05 0.009286 0.999957
-1.0163 50.2044 -1.3647 0.448414 0.19333 -0.940911 -0.338639 0.003144
-1.6126 51.8699 -0.428232 0.467048 0.15886 -0.940911 -0.338639 0.003144
-1.6126 51.8611 -1.38009 0.448414 0.15886 -0.940911 -0.338639 0.003144
-1.01437 50.2079 -0.412798 0.467048 0.193442 -0.940911 -0.338639 0.003144
-1.6126 51.8699 -0.428232 0.467048 0.15886 -0.940911 -0.338639 0.003144
-1.0163 50.2044 -1.3647 0.448414 0.19333 -0.940911 -0.338639 0.003144
-0.880264 50.2533 -1.36516 0.448414 0.19333 0.940911 0.338639 -0.003146
-1.47657 51.9189 -0.428687 0.467048 0.15886 0.940911 0.338639 -0.003146
-0.878337 50.2568 -0.413252 0.467048 0.193442 0.940911 0.338639 -0.003146
-1.47657 51.91 -1.38055 0.448414 0.15886 0.940911 0.338639 -0.003146
-1.47657 51.9189 -0.428687 0.467048 0.15886 0.940911 0.338639 -0.003146
-0.880264 50.2533 -1.36516 0.448414 0.19333 0.940911 0.338639 -0.003146
-1.6126 51.8699 -0.428232 0.467048 0.15886 0.097172 -0.261064 0.960418
-0.878337 50.2568 -0.413252 0.467048 0.193442 -1.1e-05 0.009286 0.999957
-1.47657 51.9189 -0.428687 0.467048 0.15886 0.097172 -0.261064 0.960418
-1.01437 50.2079 -0.412798 0.467048 0.193442 -1.1e-05 0.009286 0.999957
-0.878337 50.2568 -0.413252 0.467048 0.193442 -1.1e-05 0.009286 0.999957
-1.6126 51.8699 -0.428232 0.467048 0.15886 0.097172 -0.261064 0.960418
-1.6126 51.8611 -1.38009 0.448414 0.15886 0.201662 -0.56774 -0.798125
-1.57023 52.1618 -2.29288 0.4306 0.153447 0.324011 -0.902918 -0.282411
-1.47657 51.91 -1.38055 0.448414 0.15886 0.201662 -0.56774 -0.798125
-1.70626 52.1128 -2.29243 0.4306 0.153447 0.324011 -0.902918 -0.282411
-1.57023 52.1618 -2.29288 0.4306 0.153447 0.324011 -0.902918 -0.282411
-1.6126 51.8611 -1.38009 0.448414 0.15886 0.201662 -0.56774 -0.798125
-1.6126 51.8611 -1.38009 0.448414 0.15886 -0.940911 -0.338639 0.003144
-1.70626 52.1318 -0.248665 0.470611 0.153447 -0.94091 -0.338641 0.003145
-1.70626 52.1128 -2.29243 0.4306 0.153447 -0.94091 -0.338641 0.003145
-1.6126 51.8699 -0.428232 0.467048 0.15886 -0.940911 -0.338639 0.003144
-1.70626 52.1318 -0.248665 0.470611 0.153447 -0.94091 -0.338641 0.003145
-1.6126 51.8611 -1.38009 0.448414 0.15886 -0.940911 -0.338639 0.003144
-1.47657 51.91 -1.38055 0.448414 0.15886 0.940911 0.338639 -0.003146
-1.57023 52.1808 -0.24912 0.470611 0.153447 0.940912 0.338636 -0.003146
-1.47657 51.9189 -0.428687 0.467048 0.15886 0.940911 0.338639 -0.003146
-1.57023 52.1618 -2.29288 0.4306 0.153447 0.940912 0.338636 -0.003146
-1.57023 52.1808 -0.24912 0.470611 0.153447 0.940912 0.338636 -0.003146
-1.47657 51.91 -1.38055 0.448414 0.15886 0.940911 0.338639 -0.003146
-1.70626 52.1128 -2.29243 0.4306 0.153447 -0.334674 0.928299 -0.162029
-1.64972 52.3967 -0.78288 0.460202 0.148851 -0.334674 0.928299 -0.162029
-1.57023 52.1618 -2.29288 0.4306 0.153447 -0.334674 0.928299 -0.162029
-1.78576 52.3477 -0.782426 0.460202 0.148851 -0.334674 0.928299 -0.162029
-1.64972 52.3967 -0.78288 0.460202 0.148851 -0.334674 0.928299 -0.162029
-1.70626 52.1128 -2.29243 0.4306 0.153447 -0.334674 0.928299 -0.162029
-1.70626 52.1318 -0.248665 0.470611 0.153447 -0.94091 -0.338641 0.003145
-1.78576 52.3477 -0.782426 0.460202 0.148851 -0.940909 -0.338646 0.003145
-1.70626 52.1128 -2.29243 0.4306 0.153447 -0.94091 -0.338641 0.003145
-1.57023 52.1808 -0.24912 0.470611 0.153447 -0.309832 0.864469 0.39585
-1.78576 52.3477 -0.782426 0.460202 0.148851 -0.309832 0.864469 0.39585
-1.70626 52.1318 -0.248665 0.470611 0.153447 -0.309832 0.864469 0.39585
-1.64972 52.3967 -0.78288 0.460202 0.148851 -0.309832 0.864469 0.39585
-1.78576 52.3477 -0.782426 0.460202 0.148851 -0.309832 0.864469 0.39585
-1.57023 52.1808 -0.24912 0.470611 0.153447 -0.309832 0.864469 0.39585
-1.57023 52.1618 -2.29288 0.4306 0.153447 0.940912 0.338636 -0.003146
-1.64972 52.3967 -0.78288 0.460202 0.148851 0.940913 0.338634 -0.003146
-1.57023 52.1808 -0.24912 0.470611 0.153447 0.940912 0.338636 -0.003146
