Vertex Count: 636

Data:

-4.13545 45.2566 -2.67432 0.488574 0.166557 -0.163015 -0.009162 -0.986581
-1.84136 46.8213 -2.68885 0.498405 0.152143 0 -0.009286 -0.999957
-1.84136 45.2566 -2.67432 0.488574 0.152143 0 -0.009286 -0.999957
-4.13545 46.8213 -2.68885 0.498405 0.166557 -0.163015 -0.009162 -0.986581
-1.84136 46.8213 -2.68885 0.498405 0.152143 0 -0.009286 -0.999957
-4.13545 45.2566 -2.67432 0.488574 0.166557 -0.163015 -0.009162 -0.986581
-4.13545 46.8213 -2.68885 0.480152 0.166557 -0.206441 0.978417 -0.009087
-1.84136 46.8325 -1.4852 0.487716 0.152143 0 0.999957 -0.009288
-1.84136 46.8213 -2.68885 0.480152 0.152143 0 0.999957 -0.009288
-4.13545 46.8325 -1.4852 0.487715 0.166557 -0.206441 0.978417 -0.009087
-1.84136 46.8325 -1.4852 0.487716 0.152143 0 0.999957 -0.009288
-4.13545 46.8213 -2.68885 0.480152 0.166557 -0.206441 0.978417 -0.009087
-4.13545 46.8325 -1.4852 0.498405 0.166557 -0.163015 0.009163 0.986581
-1.84136 45.2678 -1.47067 0.488574 0.152143 1e-06 0.009287 0.999957
-1.84136 46.8325 -1.4852 0.498405 0.152143 1e-06 0.009287 0.999957
-4.13545 45.2678 -1.47067 0.488574 0.166557 -0.163015 0.009163 0.986581
-1.84136 45.2678 -1.47067 0.488574 0.152143 1e-06 0.009287 0.999957
-4.13545 46.8325 -1.4852 0.498405 0.166557 -0.163015 0.009163 0.986581
-4.13545 45.2678 -1.47067 0.487715 0.166557 -0.206436 -0.978418 0.009086
-1.84136 45.2566 -2.67432 0.480152 0.152143 0 -0.999957 0.009287
-1.84136 45.2678 -1.47067 0.487716 0.152143 0 -0.999957 0.009287
-4.13545 45.2566 -2.67432 0.480152 0.166557 -0.206436 -0.978418 0.009086
-1.84136 45.2566 -2.67432 0.480152 0.152143 0 -0.999957 0.009287
-4.13545 45.2678 -1.47067 0.487715 0.166557 -0.206436 -0.978418 0.009086
-8.6601 45.3993 -1.57375 0.487076 0.194986 -1 0 -0
-8.6601 46.6899 -2.58577 0.480792 0.194986 -1 0 0
-8.6601 45.39 -2.5737 0.480792 0.194986 -1 0 0
-8.6601 46.6991 -1.58582 0.487076 0.194986 -1 0 -0
-8.6601 46.6899 -2.58577 0.480792 0.194986 -1 0 0
-8.6601 45.3993 -1.57375 0.487076 0.194986 -1 0 -0
-4.13545 45.2678 -1.47067 0.487715 0.166557 -0.206436 -0.978418 0.009086
-4.43526 45.39 -2.5737 0.480792 0.168441 -0.206436 -0.978418 0.009085
-4.13545 45.2566 -2.67432 0.480152 0.166557 -0.206436 -0.978418 0.009086
-4.43526 45.3993 -1.57374 0.487075 0.168441 -0.206436 -0.978418 0.009085
-4.43526 45.39 -2.5737 0.480792 0.168441 -0.206436 -0.978418 0.009085
-4.13545 45.2678 -1.47067 0.487715 0.166557 -0.206436 -0.978418 0.009086
-4.13545 46.8325 -1.4852 0.498405 0.166557 -0.163015 0.009163 0.986581
-4.43526 45.3993 -1.57374 0.489406 0.168441 -0.163016 0.009163 0.986581
-4.13545 45.2678 -1.47067 0.488574 0.166557 -0.163015 0.009163 0.986581
-4.43526 46.6991 -1.58582 0.497573 0.168441 -0.163016 0.009163 0.986581
-4.43526 45.3993 -1.57374 0.489406 0.168441 -0.163016 0.009163 0.986581
-4.13545 46.8325 -1.4852 0.498405 0.166557 -0.163015 0.009163 0.986581
-4.13545 46.8213 -2.68885 0.480152 0.166557 -0.206441 0.978417 -0.009087
-4.43526 46.6991 -1.58582 0.487075 0.168441 -0.206441 0.978417 -0.009087
-4.13545 46.8325 -1.4852 0.487715 0.166557 -0.206441 0.978417 -0.009087
-4.43526 46.6899 -2.58577 0.480792 0.168441 -0.206441 0.978417 -0.009087
-4.43526 46.6991 -1.58582 0.487075 0.168441 -0.206441 0.978417 -0.009087
-4.13545 46.8213 -2.68885 0.480152 0.166557 -0.206441 0.978417 -0.009087
-4.13545 45.2566 -2.67432 0.488574 0.166557 -0.163015 -0.009162 -0.986581
-4.43526 46.6899 -2.58577 0.497573 0.168441 -0.163015 -0.009163 -0.986581
-4.13545 46.8213 -2.68885 0.498405 0.166557 -0.163015 -0.009162 -0.986581
-4.43526 45.39 -2.5737 0.489406 0.168441 -0.163015 -0.009163 -0.986581
-4.43526 46.6899 -2.58577 0.497573 0.168441 -0.163015 -0.009163 -0.986581
-4.13545 45.2566 -2.67432 0.488574 0.166557 -0.163015 -0.009162 -0.986581
-6.20055 45.3993 -1.57375 0.487075 0.179532 0 -0.999957 0.009286
-8.6601 45.39 -2.5737 0.480792 0.194986 0 -0.999957 0.009288
-6.20055 45.39 -2.5737 0.480792 0.179532 0 -0.999957 0.009287
-8.6601 45.3993 -1.57375 0.487076 0.194986 0 -0.999957 0.009286
-8.6601 45.39 -2.5737 0.480792 0.194986 0 -0.999957 0.009288
-6.20055 45.3993 -1.57375 0.487075 0.179532 0 -0.999957 0.009286
-6.20055 46.6991 -1.58582 0.497573 0.179532 0 0.009286 0.999957
-8.6601 45.3993 -1.57375 0.489405 0.194986 0 0.009286 0.999957
-6.20055 45.3993 -1.57375 0.489406 0.179532 0 0.009286 0.999957
-8.6601 46.6991 -1.58582 0.497573 0.194986 0 0.009286 0.999957
-8.6601 45.3993 -1.57375 0.489405 0.194986 0 0.009286 0.999957
-6.20055 46.6991 -1.58582 0.497573 0.179532 0 0.009286 0.999957
-6.20055 46.6899 -2.58577 0.480792 0.179532 0 0.999957 -0.009287
-8.6601 46.6991 -1.58582 0.487076 0.194986 0 0.999957 -0.009285
-6.20055 46.6991 -1.58582 0.487075 0.179532 0 0.999957 -0.009287
-8.6601 46.6899 -2.58577 0.480792 0.194986 0 0.999957 -0.009286
-8.6601 46.6991 -1.58582 0.487076 0.194986 0 0.999957 -0.009285
-6.20055 46.6899 -2.58577 0.480792 0.179532 0 0.999957 -0.009287
-6.76235 45.6819 -3.11259 0.481395 0.20496 -2e-06 -0.009286 -0.999957
-8.09831 46.388 -3.11914 0.492821 0.198921 -2e-06 -0.009286 -0.999957
-6.76235 46.388 -3.11914 0.481395 0.198921 -2e-06 -0.009286 -0.999957
-8.09831 45.6819 -3.11259 0.492821 0.20496 -2e-06 -0.009286 -0.999957
-8.09831 46.388 -3.11914 0.492821 0.198921 -2e-06 -0.009286 -0.999957
-6.76235 45.6819 -3.11259 0.481395 0.20496 -2e-06 -0.009286 -0.999957
-6.20055 45.39 -2.5737 0.489406 0.179532 1 0 -0
-6.20055 46.683 -3.32047 0.497573 0.179532 1 0 -0
-6.20055 46.6899 -2.58577 0.497573 0.179532 1 0 -0
-6.20055 45.3831 -3.3084 0.489406 0.179532 1 0 -0
-6.20055 46.683 -3.32047 0.497573 0.179532 1 0 -0
-6.20055 45.39 -2.5737 0.489406 0.179532 1 0 -0
-8.6601 45.39 -2.5737 0.480792 0.194986 0 -0.999957 0.009288
-6.20055 45.3831 -3.3084 0.476176 0.179532 1e-06 -0.999957 0.00929
-6.20055 45.39 -2.5737 0.480792 0.179532 0 -0.999957 0.009287
-8.6601 45.3831 -3.30839 0.476175 0.194986 1e-06 -0.999957 0.00929
-6.20055 45.3831 -3.3084 0.476176 0.179532 1e-06 -0.999957 0.00929
-8.6601 45.39 -2.5737 0.480792 0.194986 0 -0.999957 0.009288
-8.6601 46.6899 -2.58577 0.480792 0.194986 -1 0 0
-8.6601 45.3831 -3.30839 0.476175 0.194986 -1 -1e-06 1e-06
-8.6601 45.39 -2.5737 0.480792 0.194986 -1 0 0
-8.6601 46.683 -3.32047 0.476175 0.194986 -1 -1e-06 1e-06
-8.6601 45.3831 -3.30839 0.476175 0.194986 -1 -1e-06 1e-06
-8.6601 46.6899 -2.58577 0.480792 0.194986 -1 0 0
-6.20055 46.6899 -2.58577 0.480792 0.179532 0 0.999957 -0.009287
-8.6601 46.683 -3.32047 0.476175 0.194986 -1e-06 0.999957 -0.009287
-8.6601 46.6899 -2.58577 0.480792 0.194986 0 0.999957 -0.009286
-6.20055 46.683 -3.32047 0.476176 0.179532 -1e-06 0.999957 -0.009287
-8.6601 46.683 -3.32047 0.476175 0.194986 -1e-06 0.999957 -0.009287
-6.20055 46.6899 -2.58577 0.480792 0.179532 0 0.999957 -0.009287
-4.43526 45.3993 -1.57374 0.487075 0.168441 -0.206436 -0.978418 0.009085
-6.20055 45.39 -2.5737 0.480792 0.179532 0 -0.999957 0.009287
-4.43526 45.39 -2.5737 0.480792 0.168441 -0.206436 -0.978418 0.009085
-6.20055 45.3993 -1.57375 0.487075 0.179532 0 -0.999957 0.009286
-6.20055 45.39 -2.5737 0.480792 0.179532 0 -0.999957 0.009287
-4.43526 45.3993 -1.57374 0.487075 0.168441 -0.206436 -0.978418 0.009085
-4.43526 46.6991 -1.58582 0.497573 0.168441 -0.163016 0.009163 0.986581
-6.20055 45.3993 -1.57375 0.489406 0.179532 0 0.009286 0.999957
-4.43526 45.3993 -1.57374 0.489406 0.168441 -0.163016 0.009163 0.986581
-6.20055 46.6991 -1.58582 0.497573 0.179532 0 0.009286 0.999957
-6.20055 45.3993 -1.57375 0.489406 0.179532 0 0.009286 0.999957
-4.43526 46.6991 -1.58582 0.497573 0.168441 -0.163016 0.009163 0.986581
-4.43526 46.6899 -2.58577 0.480792 0.168441 -0.206441 0.978417 -0.009087
-6.20055 46.6991 -1.58582 0.487075 0.179532 0 0.999957 -0.009287
-4.43526 46.6991 -1.58582 0.487075 0.168441 -0.206441 0.978417 -0.009087
-6.20055 46.6899 -2.58577 0.480792 0.179532 0 0.999957 -0.009287
-6.20055 46.6991 -1.58582 0.487075 0.179532 0 0.999957 -0.009287
-4.43526 46.6899 -2.58577 0.480792 0.168441 -0.206441 0.978417 -0.009087
-4.43526 45.39 -2.5737 0.489406 0.168441 -0.163015 -0.009163 -0.986581
-6.20055 46.6899 -2.58577 0.497573 0.179532 1e-06 -0.009287 -0.999957
-4.43526 46.6899 -2.58577 0.497573 0.168441 -0.163015 -0.009163 -0.986581
-6.20055 45.39 -2.5737 0.489406 0.179532 1e-06 -0.009287 -0.999957
-6.20055 46.6899 -2.58577 0.497573 0.179532 1e-06 -0.009287 -0.999957
-4.43526 45.39 -2.5737 0.489406 0.168441 -0.163015 -0.009163 -0.986581
-6.20055 45.3831 -3.3084 0.476591 0.207499 -0.333258 -0.008756 -0.942795
-6.76235 46.388 -3.11914 0.481395 0.198921 -0.333258 -0.008756 -0.942795
-6.20055 46.683 -3.32047 0.476591 0.196381 -0.333258 -0.008756 -0.942795
-6.76235 45.6819 -3.11259 0.481395 0.20496 -0.333258 -0.008756 -0.942795
-6.76235 46.388 -3.11914 0.481395 0.198921 -0.333258 -0.008756 -0.942795
-6.20055 45.3831 -3.3084 0.476591 0.207499 -0.333258 -0.008756 -0.942795
-8.6601 45.3831 -3.30839 0.497626 0.207499 -1e-06 0.548166 -0.836369
-6.76235 45.6819 -3.11259 0.481395 0.20496 -1e-06 0.548166 -0.836369
-6.20055 45.3831 -3.3084 0.476591 0.207499 -1e-06 0.548166 -0.836369
-8.09831 45.6819 -3.11259 0.492821 0.20496 -1e-06 0.548166 -0.836369
-6.76235 45.6819 -3.11259 0.481395 0.20496 -1e-06 0.548166 -0.836369
-8.6601 45.3831 -3.30839 0.497626 0.207499 -1e-06 0.548166 -0.836369
-8.6601 46.683 -3.32047 0.497626 0.196382 0.333259 -0.008755 -0.942795
-8.09831 45.6819 -3.11259 0.492821 0.20496 0.333259 -0.008755 -0.942795
-8.6601 45.3831 -3.30839 0.497626 0.207499 0.333259 -0.008755 -0.942795
-8.09831 46.388 -3.11914 0.492821 0.198921 0.333259 -0.008755 -0.942795
-8.09831 45.6819 -3.11259 0.492821 0.20496 0.333259 -0.008755 -0.942795
-8.6601 46.683 -3.32047 0.497626 0.196382 0.333259 -0.008755 -0.942795
-6.20055 46.683 -3.32047 0.476591 0.196381 0 -0.563603 -0.826046
-8.09831 46.388 -3.11914 0.492821 0.198921 0 -0.563603 -0.826046
-8.6601 46.683 -3.32047 0.497626 0.196382 0 -0.563603 -0.826046
-6.76235 46.388 -3.11914 0.481395 0.198921 0 -0.563603 -0.826046
-8.09831 46.388 -3.11914 0.492821 0.198921 0 -0.563603 -0.826046
-6.20055 46.683 -3.32047 0.476591 0.196381 0 -0.563603 -0.826046
-12.9407 47.5071 -2.87759 0.50509 0.220203 0 -0.009286 -0.999957
-6.7704 48.1736 -2.70723 0.471835 0.216268 0 -0.009117 -0.999958
-6.7704 47.5071 -2.87758 0.471835 0.220015 0 -0.009286 -0.999957
-12.9407 48.1736 -2.70723 0.50509 0.216478 0 -0.009118 -0.999958
-6.7704 48.1736 -2.70723 0.471835 0.216268 0 -0.009117 -0.999958
-12.9407 47.5071 -2.87759 0.50509 0.220203 0 -0.009286 -0.999957
-12.9407 48.8378 -2.88994 0.50509 0.212749 0 0.999957 -0.009286
-6.7704 48.8433 -2.29756 0.471835 0.212515 0 0.999957 -0.009286
-6.7704 48.8378 -2.88994 0.471835 0.212515 0 0.999957 -0.009286
-12.9407 48.8433 -2.29756 0.50509 0.212749 0 0.999957 -0.009286
-6.7704 48.8433 -2.29756 0.471835 0.212515 0 0.999957 -0.009286
-12.9407 48.8378 -2.88994 0.50509 0.212749 0 0.999957 -0.009286
-12.9407 48.8433 -2.29756 0.50509 0.212749 0 0.009285 0.999957
-6.7704 48.1775 -2.29138 0.471835 0.216268 -0 0.009285 0.999957
-6.7704 48.8433 -2.29756 0.471835 0.212515 0 0.009285 0.999957
-12.9407 48.1775 -2.29138 0.50509 0.216478 0 0.009286 0.999957
-6.7704 48.1775 -2.29138 0.471835 0.216268 -0 0.009285 0.999957
-12.9407 48.8433 -2.29756 0.50509 0.212749 0 0.009285 0.999957
-12.9407 47.5126 -2.28521 0.50509 0.220203 0 -0.999957 0.00928
-6.7704 47.5071 -2.87758 0.471835 0.220015 0 -0.999957 0.00928
-6.7704 47.5126 -2.28521 0.471835 0.220015 0 -0.999957 0.00928
-12.9407 47.5071 -2.87759 0.50509 0.220203 0 -0.999957 0.00928
-6.7704 47.5071 -2.87758 0.471835 0.220015 0 -0.999957 0.00928
-12.9407 47.5126 -2.28521 0.50509 0.220203 0 -0.999957 0.00928
-12.9407 47.5126 -2.28521 0.50509 0.220203 -1 0 1e-06
-12.9407 48.1736 -2.70723 0.50509 0.216478 -1 0 -0
-12.9407 47.5071 -2.87759 0.50509 0.220203 -1 0 1e-06
-12.9407 48.1775 -2.29138 0.50509 0.216478 -1 0 -0
-12.9407 48.1736 -2.70723 0.50509 0.216478 -1 0 -0
-12.9407 47.5126 -2.28521 0.50509 0.220203 -1 0 1e-06
-6.7704 47.5126 -2.28521 0.471835 0.220015 1 -0 -1e-06
-6.7704 48.1736 -2.70723 0.471835 0.216268 1 -1e-06 0
-6.7704 48.1775 -2.29138 0.471835 0.216268 1 0 -0
-6.7704 47.5071 -2.87758 0.471835 0.220015 1 -0 -1e-06
-6.7704 48.1736 -2.70723 0.471835 0.216268 1 -1e-06 0
-6.7704 47.5126 -2.28521 0.471835 0.220015 1 -0 -1e-06
-9.05747 43.4944 -2.66378 0.485368 0.240408 0 -0.009285 -0.999957
-10.3902 47.1041 -2.6973 0.491928 0.22264 0 -0.009285 -0.999957
-9.05946 47.1045 -2.6973 0.485378 0.222638 0 -0.009285 -0.999957
-10.3882 43.494 -2.66377 0.491918 0.24041 0 -0.009285 -0.999957
-10.3902 47.1041 -2.6973 0.491928 0.22264 0 -0.009285 -0.999957
-9.05747 43.4944 -2.66378 0.485368 0.240408 0 -0.009285 -0.999957
-10.3882 43.494 -2.66377 0.491918 0.24041 -1 -0.000552 5e-06
-10.3902 47.1079 -2.28145 0.491928 0.22264 -1 -0.000552 5e-06
-10.3902 47.1041 -2.6973 0.491928 0.22264 -1 -0.000552 5e-06
-10.3882 43.4979 -2.24793 0.491918 0.24041 -1 -0.000552 5e-06
-10.3902 47.1079 -2.28145 0.491928 0.22264 -1 -0.000552 5e-06
-10.3882 43.494 -2.66377 0.491918 0.24041 -1 -0.000552 5e-06
-10.3882 43.4979 -2.24793 0.491918 0.24041 -1e-06 0.009285 0.999957
-9.05946 47.1083 -2.28145 0.485378 0.222638 -1e-06 0.009285 0.999957
-10.3902 47.1079 -2.28145 0.491928 0.22264 -1e-06 0.009285 0.999957
-9.05747 43.4983 -2.24793 0.485368 0.240408 -1e-06 0.009285 0.999957
-9.05946 47.1083 -2.28145 0.485378 0.222638 -1e-06 0.009285 0.999957
-10.3882 43.4979 -2.24793 0.491918 0.24041 -1e-06 0.009285 0.999957
-9.05747 43.4983 -2.24793 0.485368 0.240408 1 0.000552 -5e-06
-9.05946 47.1045 -2.6973 0.485378 0.222638 1 0.000552 -5e-06
-9.05946 47.1083 -2.28145 0.485378 0.222638 1 0.000552 -5e-06
-9.05747 43.4944 -2.66378 0.485368 0.240408 1 0.000552 -5e-06
-9.05946 47.1045 -2.6973 0.485378 0.222638 1 0.000552 -5e-06
-9.05747 43.4983 -2.24793 0.485368 0.240408 1 0.000552 -5e-06
-9.05747 43.4983 -2.24793 0.485368 0.240408 0.000321 -0.999957 0.009287
-10.3882 43.494 -2.66377 0.491918 0.24041 0.000321 -0.999957 0.009287
-9.05747 43.4944 -2.66378 0.485368 0.240408 0.000321 -0.999957 0.009287
-10.3882 43.4979 -2.24793 0.491918 0.24041 0.000321 -0.999957 0.009287
-10.3882 43.494 -2.66377 0.491918 0.24041 0.000321 -0.999957 0.009287
-9.05747 43.4983 -2.24793 0.485368 0.240408 0.000321 -0.999957 0.009287
-9.05946 47.1045 -2.6973 0.485378 0.222638 -0.000324 0.999957 -0.009285
-10.3902 47.1079 -2.28145 0.491928 0.22264 -0.000324 0.999957 -0.009285
-9.05946 47.1083 -2.28145 0.485378 0.222638 -0.000324 0.999957 -0.009285
-10.3902 47.1041 -2.6973 0.491928 0.22264 -0.000324 0.999957 -0.009285
-10.3902 47.1079 -2.28145 0.491928 0.22264 -0.000324 0.999957 -0.009285
-9.05946 47.1045 -2.6973 0.485378 0.222638 -0.000324 0.999957 -0.009285
-9.15659 45.8084 -2.57784 0.484382 0.234962 -1e-06 -0.009286 -0.999957
-8.53757 46.3174 -2.58257 0.477175 0.229035 -1e-06 -0.009286 -0.999957
-8.53757 45.8084 -2.57784 0.477175 0.234962 -1e-06 -0.009286 -0.999957
-9.15659 46.3174 -2.58257 0.484382 0.229035 -1e-06 -0.009286 -0.999957
-8.53757 46.3174 -2.58257 0.477175 0.229035 -1e-06 -0.009286 -0.999957
-9.15659 45.8084 -2.57784 0.484382 0.234962 -1e-06 -0.009286 -0.999957
-9.15659 46.3174 -2.58257 0.484382 0.229035 0 0.999957 -0.009292
-8.53757 46.3197 -2.33653 0.477175 0.229035 0 0.999957 -0.009292
-8.53757 46.3174 -2.58257 0.477175 0.229035 0 0.999957 -0.009292
-9.15659 46.3197 -2.33653 0.484382 0.229035 0 0.999957 -0.009292
-8.53757 46.3197 -2.33653 0.477175 0.229035 0 0.999957 -0.009292
-9.15659 46.3174 -2.58257 0.484382 0.229035 0 0.999957 -0.009292
-9.15659 46.3197 -2.33653 0.484382 0.229035 -3e-06 0.009286 0.999957
-8.53757 45.8107 -2.3318 0.477175 0.234962 -3e-06 0.009286 0.999957
-8.53757 46.3197 -2.33653 0.477175 0.229035 -3e-06 0.009286 0.999957
-9.15659 45.8107 -2.3318 0.484382 0.234962 -3e-06 0.009286 0.999957
-8.53757 45.8107 -2.3318 0.477175 0.234962 -3e-06 0.009286 0.999957
-9.15659 46.3197 -2.33653 0.484382 0.229035 -3e-06 0.009286 0.999957
-9.15659 45.8107 -2.3318 0.484382 0.234962 6e-06 -0.999957 0.009288
-8.53757 45.8084 -2.57784 0.477175 0.234962 6e-06 -0.999957 0.009288
-8.53757 45.8107 -2.3318 0.477175 0.234962 6e-06 -0.999957 0.009288
-9.15659 45.8084 -2.57784 0.484382 0.234962 6e-06 -0.999957 0.009288
-8.53757 45.8084 -2.57784 0.477175 0.234962 6e-06 -0.999957 0.009288
-9.15659 45.8107 -2.3318 0.484382 0.234962 6e-06 -0.999957 0.009288
-9.15659 45.8107 -2.3318 0.484382 0.234962 -1 0 -0
-9.15659 46.3174 -2.58257 0.484382 0.229035 -1 0 -0
-9.15659 45.8084 -2.57784 0.484382 0.234962 -1 0 -0
-9.15659 46.3197 -2.33653 0.484382 0.229035 -1 0 -0
-9.15659 46.3174 -2.58257 0.484382 0.229035 -1 0 -0
-9.15659 45.8107 -2.3318 0.484382 0.234962 -1 0 -0
-8.53757 45.8084 -2.57784 0.477175 0.234962 1 0 -0
-8.53757 46.3197 -2.33653 0.477175 0.229035 1 0 -0
-8.53757 45.8107 -2.3318 0.477175 0.234962 1 0 -0
-8.53757 46.3174 -2.58257 0.477175 0.229035 1 0 -0
-8.53757 46.3197 -2.33653 0.477175 0.229035 1 0 -0
-8.53757 45.8084 -2.57784 0.477175 0.234962 1 0 -0
-7.97315 46.5315 -2.58456 0.475102 0.22569 -2e-06 -0.009286 -0.999957
-7.48563 47.6487 -2.59493 0.472912 0.22067 -2e-06 -0.009286 -0.999957
-7.48563 46.5315 -2.58456 0.472912 0.22569 -2e-06 -0.009286 -0.999957
-7.97315 47.6487 -2.59493 0.475102 0.22067 -2e-06 -0.009286 -0.999957
-7.48563 47.6487 -2.59493 0.472912 0.22067 -2e-06 -0.009286 -0.999957
-7.97315 46.5315 -2.58456 0.475102 0.22569 -2e-06 -0.009286 -0.999957
-7.97315 47.6487 -2.59493 0.475102 0.22067 -4e-06 0.999957 -0.00929
-7.48563 47.651 -2.34889 0.472912 0.22067 -4e-06 0.999957 -0.00929
-7.48563 47.6487 -2.59493 0.472912 0.22067 -4e-06 0.999957 -0.00929
-7.97315 47.651 -2.34889 0.475102 0.22067 -4e-06 0.999957 -0.00929
-7.48563 47.651 -2.34889 0.472912 0.22067 -4e-06 0.999957 -0.00929
-7.97315 47.6487 -2.59493 0.475102 0.22067 -4e-06 0.999957 -0.00929
-7.97315 47.651 -2.34889 0.475102 0.22067 -3e-06 0.009286 0.999957
-7.48563 46.5338 -2.33852 0.472912 0.22569 -3e-06 0.009286 0.999957
-7.48563 47.651 -2.34889 0.472912 0.22067 -3e-06 0.009286 0.999957
-7.97315 46.5338 -2.33852 0.475102 0.22569 -3e-06 0.009286 0.999957
-7.48563 46.5338 -2.33852 0.472912 0.22569 -3e-06 0.009286 0.999957
-7.97315 47.651 -2.34889 0.475102 0.22067 -3e-06 0.009286 0.999957
-7.97315 46.5338 -2.33852 0.475102 0.22569 0 -0.999957 0.009293
-7.48563 46.5315 -2.58456 0.472912 0.22569 0 -0.999957 0.009293
-7.48563 46.5338 -2.33852 0.472912 0.22569 0 -0.999957 0.009293
-7.97315 46.5315 -2.58456 0.475102 0.22569 0 -0.999957 0.009293
-7.48563 46.5315 -2.58456 0.472912 0.22569 0 -0.999957 0.009293
-7.97315 46.5338 -2.33852 0.475102 0.22569 0 -0.999957 0.009293
-7.97315 46.5338 -2.33852 0.475102 0.22569 -1 1e-06 -0
-7.97315 47.6487 -2.59493 0.475102 0.22067 -1 1e-06 -0
-7.97315 46.5315 -2.58456 0.475102 0.22569 -1 1e-06 -0
-7.97315 47.651 -2.34889 0.475102 0.22067 -1 1e-06 -0
-7.97315 47.6487 -2.59493 0.475102 0.22067 -1 1e-06 -0
-7.97315 46.5338 -2.33852 0.475102 0.22569 -1 1e-06 -0
-7.48563 46.5315 -2.58456 0.472912 0.22569 1 0 -0
-7.48563 47.651 -2.34889 0.472912 0.22067 1 0 -0
-7.48563 46.5338 -2.33852 0.472912 0.22569 1 0 -0
-7.48563 47.6487 -2.59493 0.472912 0.22067 1 0 -0
-7.48563 47.651 -2.34889 0.472912 0.22067 1 0 -0
-7.48563 46.5315 -2.58456 0.472912 0.22569 1 0 -0
1.84087 46.8213 -2.68885 0.498405 0.152143 -1e-06 -0.009286 -0.999957
4.13496 45.2566 -2.67432 0.488574 0.166557 0.163018 -0.009162 -0.986581
1.84087 45.2566 -2.67432 0.488574 0.152143 -1e-06 -0.009286 -0.999957
4.13496 46.8213 -2.68885 0.498405 0.166557 0.163018 -0.009162 -0.986581
4.13496 45.2566 -2.67432 0.488574 0.166557 0.163018 -0.009162 -0.986581
1.84087 46.8213 -2.68885 0.498405 0.152143 -1e-06 -0.009286 -0.999957
1.84087 46.8325 -1.4852 0.487716 0.152143 0 0.999957 -0.009285
4.13496 46.8213 -2.68885 0.480152 0.166557 0.206441 0.978417 -0.009085
1.84087 46.8213 -2.68885 0.480152 0.152143 0 0.999957 -0.009285
4.13496 46.8325 -1.4852 0.487715 0.166557 0.206441 0.978417 -0.009085
4.13496 46.8213 -2.68885 0.480152 0.166557 0.206441 0.978417 -0.009085
1.84087 46.8325 -1.4852 0.487716 0.152143 0 0.999957 -0.009285
1.84087 45.2678 -1.47067 0.488574 0.152143 0 0.009286 0.999957
4.13496 46.8325 -1.4852 0.498405 0.166557 0.163012 0.009162 0.986582
1.84087 46.8325 -1.4852 0.498405 0.152143 0 0.009286 0.999957
4.13496 45.2678 -1.47067 0.488574 0.166557 0.163012 0.009162 0.986582
4.13496 46.8325 -1.4852 0.498405 0.166557 0.163012 0.009162 0.986582
1.84087 45.2678 -1.47067 0.488574 0.152143 0 0.009286 0.999957
1.84087 45.2566 -2.67432 0.480152 0.152143 0 -0.999957 0.009286
4.13496 45.2678 -1.47067 0.487715 0.166557 0.206436 -0.978418 0.009087
1.84087 45.2678 -1.47067 0.487716 0.152143 0 -0.999957 0.009286
4.13496 45.2566 -2.67432 0.480152 0.166557 0.206436 -0.978418 0.009087
4.13496 45.2678 -1.47067 0.487715 0.166557 0.206436 -0.978418 0.009087
1.84087 45.2566 -2.67432 0.480152 0.152143 0 -0.999957 0.009286
8.65961 46.6899 -2.58577 0.480792 0.194986 1 0 -0
8.65961 45.3993 -1.57375 0.487076 0.194986 1 0 -0
8.65961 45.39 -2.5737 0.480792 0.194986 1 0 -0
8.65961 46.6991 -1.58582 0.487076 0.194986 1 0 -0
8.65961 45.3993 -1.57375 0.487076 0.194986 1 0 -0
8.65961 46.6899 -2.58577 0.480792 0.194986 1 0 -0
4.43477 45.39 -2.5737 0.480792 0.168441 0.206436 -0.978418 0.009087
4.13496 45.2678 -1.47067 0.487715 0.166557 0.206436 -0.978418 0.009087
4.13496 45.2566 -2.67432 0.480152 0.166557 0.206436 -0.978418 0.009087
4.43477 45.3993 -1.57375 0.487075 0.168441 0.206436 -0.978418 0.009087
4.13496 45.2678 -1.47067 0.487715 0.166557 0.206436 -0.978418 0.009087
4.43477 45.39 -2.5737 0.480792 0.168441 0.206436 -0.978418 0.009087
4.43477 45.3993 -1.57375 0.489406 0.168441 0.163012 0.009162 0.986582
4.13496 46.8325 -1.4852 0.498405 0.166557 0.163012 0.009162 0.986582
4.13496 45.2678 -1.47067 0.488574 0.166557 0.163012 0.009162 0.986582
4.43477 46.6991 -1.58582 0.497573 0.168441 0.163012 0.009162 0.986582
4.13496 46.8325 -1.4852 0.498405 0.166557 0.163012 0.009162 0.986582
4.43477 45.3993 -1.57375 0.489406 0.168441 0.163012 0.009162 0.986582
4.43477 46.6991 -1.58582 0.487075 0.168441 0.206441 0.978417 -0.009084
4.13496 46.8213 -2.68885 0.480152 0.166557 0.206441 0.978417 -0.009085
4.13496 46.8325 -1.4852 0.487715 0.166557 0.206441 0.978417 -0.009085
4.43477 46.6899 -2.58577 0.480792 0.168441 0.206441 0.978417 -0.009084
4.13496 46.8213 -2.68885 0.480152 0.166557 0.206441 0.978417 -0.009085
4.43477 46.6991 -1.58582 0.487075 0.168441 0.206441 0.978417 -0.009084
4.43477 46.6899 -2.58577 0.497573 0.168441 0.163018 -0.009162 -0.986581
4.13496 45.2566 -2.67432 0.488574 0.166557 0.163018 -0.009162 -0.986581
4.13496 46.8213 -2.68885 0.498405 0.166557 0.163018 -0.009162 -0.986581
4.43477 45.39 -2.5737 0.489406 0.168441 0.163018 -0.009162 -0.986581
4.13496 45.2566 -2.67432 0.488574 0.166557 0.163018 -0.009162 -0.986581
4.43477 46.6899 -2.58577 0.497573 0.168441 0.163018 -0.009162 -0.986581
8.65961 45.39 -2.5737 0.480792 0.194986 0 -0.999957 0.009286
6.20006 45.3993 -1.57375 0.487075 0.179532 0 -0.999957 0.009286
6.20006 45.39 -2.5737 0.480792 0.179532 0 -0.999957 0.009286
8.65961 45.3993 -1.57375 0.487076 0.194986 0 -0.999957 0.009286
6.20006 45.3993 -1.57375 0.487075 0.179532 0 -0.999957 0.009286
8.65961 45.39 -2.5737 0.480792 0.194986 0 -0.999957 0.009286
8.65961 45.3993 -1.57375 0.489405 0.194986 0 0.009286 0.999957
6.20006 46.6991 -1.58582 0.497573 0.179532 0 0.009286 0.999957
6.20006 45.3993 -1.57375 0.489406 0.179532 0 0.009286 0.999957
8.65961 46.6991 -1.58582 0.497573 0.194986 0 0.009286 0.999957
6.20006 46.6991 -1.58582 0.497573 0.179532 0 0.009286 0.999957
8.65961 45.3993 -1.57375 0.489405 0.194986 0 0.009286 0.999957
8.65961 46.6991 -1.58582 0.487076 0.194986 0 0.999957 -0.009288
6.20006 46.6899 -2.58577 0.480792 0.179532 0 0.999957 -0.009285
6.20006 46.6991 -1.58582 0.487075 0.179532 0 0.999957 -0.009286
8.65961 46.6899 -2.58577 0.480792 0.194986 0 0.999957 -0.009286
6.20006 46.6899 -2.58577 0.480792 0.179532 0 0.999957 -0.009285
8.65961 46.6991 -1.58582 0.487076 0.194986 0 0.999957 -0.009288
8.09781 46.388 -3.11914 0.492821 0.198921 0 -0.009286 -0.999957
6.76186 45.6819 -3.11259 0.481395 0.20496 0 -0.009286 -0.999957
6.76186 46.388 -3.11914 0.481395 0.198921 0 -0.009286 -0.999957
8.09781 45.6819 -3.11259 0.492821 0.20496 0 -0.009286 -0.999957
6.76186 45.6819 -3.11259 0.481395 0.20496 0 -0.009286 -0.999957
8.09781 46.388 -3.11914 0.492821 0.198921 0 -0.009286 -0.999957
6.20006 46.683 -3.32047 0.497573 0.179532 -1 0 -0
6.20006 45.39 -2.5737 0.489406 0.179532 -1 0 -0
6.20006 46.6899 -2.58577 0.497573 0.179532 -1 0 -0
6.20006 45.3831 -3.3084 0.489406 0.179532 -1 0 -0
6.20006 45.39 -2.5737 0.489406 0.179532 -1 0 -0
6.20006 46.683 -3.32047 0.497573 0.179532 -1 0 -0
6.20006 45.3831 -3.3084 0.476176 0.179532 0 -0.999957 0.009286
8.65961 45.39 -2.5737 0.480792 0.194986 0 -0.999957 0.009286
6.20006 45.39 -2.5737 0.480792 0.179532 0 -0.999957 0.009286
8.65961 45.3831 -3.3084 0.476175 0.194986 0 -0.999957 0.009286
8.65961 45.39 -2.5737 0.480792 0.194986 0 -0.999957 0.009286
6.20006 45.3831 -3.3084 0.476176 0.179532 0 -0.999957 0.009286
8.65961 45.3831 -3.3084 0.476175 0.194986 1 0 -0
8.65961 46.6899 -2.58577 0.480792 0.194986 1 0 -0
8.65961 45.39 -2.5737 0.480792 0.194986 1 0 -0
8.65961 46.683 -3.32047 0.476175 0.194986 1 0 -0
8.65961 46.6899 -2.58577 0.480792 0.194986 1 0 -0
8.65961 45.3831 -3.3084 0.476175 0.194986 1 0 -0
8.65961 46.683 -3.32047 0.476175 0.194986 0 0.999957 -0.009284
6.20006 46.6899 -2.58577 0.480792 0.179532 0 0.999957 -0.009285
8.65961 46.6899 -2.58577 0.480792 0.194986 0 0.999957 -0.009286
6.20006 46.683 -3.32047 0.476176 0.179532 0 0.999957 -0.009284
6.20006 46.6899 -2.58577 0.480792 0.179532 0 0.999957 -0.009285
8.65961 46.683 -3.32047 0.476175 0.194986 0 0.999957 -0.009284
6.20006 45.39 -2.5737 0.480792 0.179532 0 -0.999957 0.009286
4.43477 45.3993 -1.57375 0.487075 0.168441 0.206436 -0.978418 0.009087
4.43477 45.39 -2.5737 0.480792 0.168441 0.206436 -0.978418 0.009087
6.20006 45.3993 -1.57375 0.487075 0.179532 0 -0.999957 0.009286
4.43477 45.3993 -1.57375 0.487075 0.168441 0.206436 -0.978418 0.009087
6.20006 45.39 -2.5737 0.480792 0.179532 0 -0.999957 0.009286
6.20006 45.3993 -1.57375 0.489406 0.179532 0 0.009286 0.999957
4.43477 46.6991 -1.58582 0.497573 0.168441 0.163012 0.009162 0.986582
4.43477 45.3993 -1.57375 0.489406 0.168441 0.163012 0.009162 0.986582
6.20006 46.6991 -1.58582 0.497573 0.179532 0 0.009286 0.999957
4.43477 46.6991 -1.58582 0.497573 0.168441 0.163012 0.009162 0.986582
6.20006 45.3993 -1.57375 0.489406 0.179532 0 0.009286 0.999957
6.20006 46.6991 -1.58582 0.487075 0.179532 0 0.999957 -0.009286
4.43477 46.6899 -2.58577 0.480792 0.168441 0.206441 0.978417 -0.009084
4.43477 46.6991 -1.58582 0.487075 0.168441 0.206441 0.978417 -0.009084
6.20006 46.6899 -2.58577 0.480792 0.179532 0 0.999957 -0.009285
4.43477 46.6899 -2.58577 0.480792 0.168441 0.206441 0.978417 -0.009084
6.20006 46.6991 -1.58582 0.487075 0.179532 0 0.999957 -0.009286
6.20006 46.6899 -2.58577 0.497573 0.179532 0 -0.009286 -0.999957
4.43477 45.39 -2.5737 0.489406 0.168441 0.163018 -0.009162 -0.986581
4.43477 46.6899 -2.58577 0.497573 0.168441 0.163018 -0.009162 -0.986581
6.20006 45.39 -2.5737 0.489406 0.179532 0 -0.009286 -0.999957
4.43477 45.39 -2.5737 0.489406 0.168441 0.163018 -0.009162 -0.986581
6.20006 46.6899 -2.58577 0.497573 0.179532 0 -0.009286 -0.999957
6.76186 46.388 -3.11914 0.481395 0.198921 0.333256 -0.008755 -0.942796
6.20006 45.3831 -3.3084 0.476591 0.207499 0.333256 -0.008755 -0.942796
6.20006 46.683 -3.32047 0.476591 0.196381 0.333256 -0.008755 -0.942796
6.76186 45.6819 -3.11259 0.481395 0.20496 0.333256 -0.008755 -0.942796
6.20006 45.3831 -3.3084 0.476591 0.207499 0.333256 -0.008755 -0.942796
6.76186 46.388 -3.11914 0.481395 0.198921 0.333256 -0.008755 -0.942796
6.76186 45.6819 -3.11259 0.481395 0.20496 0 0.548164 -0.836371
8.65961 45.3831 -3.3084 0.497626 0.207499 0 0.548164 -0.836371
6.20006 45.3831 -3.3084 0.476591 0.207499 0 0.548164 -0.836371
8.09781 45.6819 -3.11259 0.492821 0.20496 0 0.548164 -0.836371
8.65961 45.3831 -3.3084 0.497626 0.207499 0 0.548164 -0.836371
6.76186 45.6819 -3.11259 0.481395 0.20496 0 0.548164 -0.836371
8.09781 45.6819 -3.11259 0.492821 0.20496 -0.333257 -0.008755 -0.942795
8.65961 46.683 -3.32047 0.497626 0.196382 -0.333257 -0.008755 -0.942795
8.65961 45.3831 -3.3084 0.497626 0.207499 -0.333257 -0.008755 -0.942795
8.09781 46.388 -3.11914 0.492821 0.198921 -0.333257 -0.008755 -0.942795
8.65961 46.683 -3.32047 0.497626 0.196382 -0.333257 -0.008755 -0.942795
8.09781 45.6819 -3.11259 0.492821 0.20496 -0.333257 -0.008755 -0.942795
8.09781 46.388 -3.11914 0.492821 0.198921 0 -0.563604 -0.826045
6.20006 46.683 -3.32047 0.476591 0.196381 0 -0.563604 -0.826045
8.65961 46.683 -3.32047 0.497626 0.196382 0 -0.563604 -0.826045
6.76186 46.388 -3.11914 0.481395 0.198921 0 -0.563604 -0.826045
6.20006 46.683 -3.32047 0.476591 0.196381 0 -0.563604 -0.826045
8.09781 46.388 -3.11914 0.492821 0.198921 0 -0.563604 -0.826045
6.76991 48.1736 -2.70723 0.471835 0.216268 0 0.079008 -0.996874
12.9402 47.5071 -2.87759 0.50509 0.220203 0 -0.009286 -0.999957
6.76991 47.5071 -2.87759 0.471835 0.220015 0 -0.009286 -0.999957
12.9402 48.1736 -2.70723 0.50509 0.216478 0 -0.097174 -0.995267
12.9402 47.5071 -2.87759 0.50509 0.220203 0 -0.009286 -0.999957
6.76991 48.1736 -2.70723 0.471835 0.216268 0 0.079008 -0.996874
6.76991 48.8433 -2.29756 0.471835 0.212515 0 0.999957 -0.009288
12.9402 48.8378 -2.88994 0.50509 0.212749 0 0.999957 -0.009288
6.76991 48.8378 -2.88994 0.471835 0.212515 0 0.999957 -0.009288
12.9402 48.8433 -2.29756 0.50509 0.212749 0 0.999957 -0.009288
12.9402 48.8378 -2.88994 0.50509 0.212749 0 0.999957 -0.009288
6.76991 48.8433 -2.29756 0.471835 0.212515 0 0.999957 -0.009288
6.76991 48.1775 -2.29138 0.471835 0.216268 0 0.009286 0.999957
12.9402 48.8433 -2.29756 0.50509 0.212749 0 0.009286 0.999957
6.76991 48.8433 -2.29756 0.471835 0.212515 0 0.009286 0.999957
12.9402 48.1775 -2.29138 0.50509 0.216478 0 0.009286 0.999957
12.9402 48.8433 -2.29756 0.50509 0.212749 0 0.009286 0.999957
6.76991 48.1775 -2.29138 0.471835 0.216268 0 0.009286 0.999957
6.76991 47.5071 -2.87759 0.471835 0.220015 0 -0.999957 0.009285
12.9402 47.5126 -2.28521 0.50509 0.220203 0 -0.999957 0.009285
6.76991 47.5126 -2.28521 0.471835 0.220015 0 -0.999957 0.009285
12.9402 47.5071 -2.87759 0.50509 0.220203 0 -0.999957 0.009285
12.9402 47.5126 -2.28521 0.50509 0.220203 0 -0.999957 0.009285
6.76991 47.5071 -2.87759 0.471835 0.220015 0 -0.999957 0.009285
12.9402 48.1736 -2.70723 0.50509 0.216478 1 0 -0
12.9402 47.5126 -2.28521 0.50509 0.220203 1 0 -0
12.9402 47.5071 -2.87759 0.50509 0.220203 1 0 -0
12.9402 48.1775 -2.29138 0.50509 0.216478 1 0 -0
12.9402 47.5126 -2.28521 0.50509 0.220203 1 0 -0
12.9402 48.1736 -2.70723 0.50509 0.216478 1 0 -0
6.76991 47.5126 -2.28521 0.471835 0.220015 -1 0 -0
6.76991 48.1736 -2.70723 0.471835 0.216268 -1 0 -0
6.76991 47.5071 -2.87759 0.471835 0.220015 -1 0 -0
6.76991 48.1775 -2.29138 0.471835 0.216268 -1 0 -0
6.76991 48.1736 -2.70723 0.471835 0.216268 -1 0 -0
6.76991 47.5126 -2.28521 0.471835 0.220015 -1 0 -0
10.3897 47.1041 -2.6973 0.491928 0.22264 -1e-06 -0.009286 -0.999957
9.05698 43.4944 -2.66378 0.485368 0.240408 -1e-06 -0.009286 -0.999957
9.05897 47.1045 -2.6973 0.485378 0.222638 -1e-06 -0.009286 -0.999957
10.3877 43.494 -2.66377 0.491918 0.24041 -1e-06 -0.009286 -0.999957
9.05698 43.4944 -2.66378 0.485368 0.240408 -1e-06 -0.009286 -0.999957
10.3897 47.1041 -2.6973 0.491928 0.22264 -1e-06 -0.009286 -0.999957
10.3897 47.1079 -2.28145 0.491928 0.22264 1 -0.000552 5e-06
10.3877 43.494 -2.66377 0.491918 0.24041 1 -0.000552 5e-06
10.3897 47.1041 -2.6973 0.491928 0.22264 1 -0.000552 5e-06
10.3877 43.4979 -2.24793 0.491918 0.24041 1 -0.000552 5e-06
10.3877 43.494 -2.66377 0.491918 0.24041 1 -0.000552 5e-06
10.3897 47.1079 -2.28145 0.491928 0.22264 1 -0.000552 5e-06
9.05897 47.1083 -2.28145 0.485378 0.222638 1e-06 0.009286 0.999957
10.3877 43.4979 -2.24793 0.491918 0.24041 1e-06 0.009286 0.999957
10.3897 47.1079 -2.28145 0.491928 0.22264 1e-06 0.009286 0.999957
9.05698 43.4983 -2.24793 0.485368 0.240408 1e-06 0.009286 0.999957
10.3877 43.4979 -2.24793 0.491918 0.24041 1e-06 0.009286 0.999957
9.05897 47.1083 -2.28145 0.485378 0.222638 1e-06 0.009286 0.999957
9.05897 47.1045 -2.6973 0.485378 0.222638 -1 0.000552 -5e-06
9.05698 43.4983 -2.24793 0.485368 0.240408 -1 0.000552 -5e-06
9.05897 47.1083 -2.28145 0.485378 0.222638 -1 0.000552 -5e-06
9.05698 43.4944 -2.66378 0.485368 0.240408 -1 0.000552 -5e-06
9.05698 43.4983 -2.24793 0.485368 0.240408 -1 0.000552 -5e-06
9.05897 47.1045 -2.6973 0.485378 0.222638 -1 0.000552 -5e-06
10.3877 43.494 -2.66377 0.491918 0.24041 -0.000324 -0.999957 0.009283
9.05698 43.4983 -2.24793 0.485368 0.240408 -0.000324 -0.999957 0.009283
9.05698 43.4944 -2.66378 0.485368 0.240408 -0.000324 -0.999957 0.009283
10.3877 43.4979 -2.24793 0.491918 0.24041 -0.000324 -0.999957 0.009283
9.05698 43.4983 -2.24793 0.485368 0.240408 -0.000324 -0.999957 0.009283
10.3877 43.494 -2.66377 0.491918 0.24041 -0.000324 -0.999957 0.009283
10.3897 47.1079 -2.28145 0.491928 0.22264 0.000324 0.999957 -0.009283
9.05897 47.1045 -2.6973 0.485378 0.222638 0.000324 0.999957 -0.009283
9.05897 47.1083 -2.28145 0.485378 0.222638 0.000324 0.999957 -0.009283
10.3897 47.1041 -2.6973 0.491928 0.22264 0.000324 0.999957 -0.009283
9.05897 47.1045 -2.6973 0.485378 0.222638 0.000324 0.999957 -0.009283
10.3897 47.1079 -2.28145 0.491928 0.22264 0.000324 0.999957 -0.009283
8.53708 46.3174 -2.58257 0.477175 0.229035 1e-06 -0.009286 -0.999957
9.15609 45.8084 -2.57784 0.484382 0.234962 1e-06 -0.009286 -0.999957
8.53708 45.8084 -2.57784 0.477175 0.234962 1e-06 -0.009286 -0.999957
9.15609 46.3174 -2.58257 0.484382 0.229035 1e-06 -0.009286 -0.999957
9.15609 45.8084 -2.57784 0.484382 0.234962 1e-06 -0.009286 -0.999957
8.53708 46.3174 -2.58257 0.477175 0.229035 1e-06 -0.009286 -0.999957
8.53708 46.3197 -2.33653 0.477175 0.229035 0 0.999957 -0.00928
9.15609 46.3174 -2.58257 0.484382 0.229035 0 0.999957 -0.00928
8.53708 46.3174 -2.58257 0.477175 0.229035 0 0.999957 -0.00928
9.15609 46.3197 -2.33653 0.484382 0.229035 0 0.999957 -0.00928
9.15609 46.3174 -2.58257 0.484382 0.229035 0 0.999957 -0.00928
8.53708 46.3197 -2.33653 0.477175 0.229035 0 0.999957 -0.00928
8.53708 45.8107 -2.3318 0.477175 0.234962 0 0.009286 0.999957
9.15609 46.3197 -2.33653 0.484382 0.229035 0 0.009286 0.999957
8.53708 46.3197 -2.33653 0.477175 0.229035 0 0.009286 0.999957
9.15609 45.8107 -2.3318 0.484382 0.234962 0 0.009286 0.999957
9.15609 46.3197 -2.33653 0.484382 0.229035 0 0.009286 0.999957
8.53708 45.8107 -2.3318 0.477175 0.234962 0 0.009286 0.999957
8.53708 45.8084 -2.57784 0.477175 0.234962 0 -0.999957 0.009292
9.15609 45.8107 -2.3318 0.484382 0.234962 0 -0.999957 0.009292
8.53708 45.8107 -2.3318 0.477175 0.234962 0 -0.999957 0.009292
9.15609 45.8084 -2.57784 0.484382 0.234962 0 -0.999957 0.009292
9.15609 45.8107 -2.3318 0.484382 0.234962 0 -0.999957 0.009292
8.53708 45.8084 -2.57784 0.477175 0.234962 0 -0.999957 0.009292
9.15609 46.3174 -2.58257 0.484382 0.229035 1 0 -0
9.15609 45.8107 -2.3318 0.484382 0.234962 1 0 -0
9.15609 45.8084 -2.57784 0.484382 0.234962 1 0 -0
9.15609 46.3197 -2.33653 0.484382 0.229035 1 0 -0
9.15609 45.8107 -2.3318 0.484382 0.234962 1 0 -0
9.15609 46.3174 -2.58257 0.484382 0.229035 1 0 -0
8.53708 46.3197 -2.33653 0.477175 0.229035 -1 0 -0
8.53708 45.8084 -2.57784 0.477175 0.234962 -1 0 -0
8.53708 45.8107 -2.3318 0.477175 0.234962 -1 0 -0
8.53708 46.3174 -2.58257 0.477175 0.229035 -1 0 -0
8.53708 45.8084 -2.57784 0.477175 0.234962 -1 0 -0
8.53708 46.3197 -2.33653 0.477175 0.229035 -1 0 -0
7.48514 47.6487 -2.59493 0.472912 0.22067 -2e-06 -0.009286 -0.999957
7.97265 46.5315 -2.58456 0.475102 0.22569 -2e-06 -0.009286 -0.999957
7.48514 46.5315 -2.58456 0.472912 0.22569 -2e-06 -0.009286 -0.999957
7.97265 47.6487 -2.59493 0.475102 0.22067 -2e-06 -0.009286 -0.999957
7.97265 46.5315 -2.58456 0.475102 0.22569 -2e-06 -0.009286 -0.999957
7.48514 47.6487 -2.59493 0.472912 0.22067 -2e-06 -0.009286 -0.999957
7.48514 47.651 -2.34889 0.472912 0.22067 0 0.999957 -0.009282
7.97265 47.6487 -2.59493 0.475102 0.22067 0 0.999957 -0.009282
7.48514 47.6487 -2.59493 0.472912 0.22067 0 0.999957 -0.009282
7.97265 47.651 -2.34889 0.475102 0.22067 0 0.999957 -0.009282
7.97265 47.6487 -2.59493 0.475102 0.22067 0 0.999957 -0.009282
7.48514 47.651 -2.34889 0.472912 0.22067 0 0.999957 -0.009282
7.48514 46.5338 -2.33852 0.472912 0.22569 -2e-06 0.009286 0.999957
7.97265 47.651 -2.34889 0.475102 0.22067 -2e-06 0.009286 0.999957
7.48514 47.651 -2.34889 0.472912 0.22067 -2e-06 0.009286 0.999957
7.97265 46.5338 -2.33852 0.475102 0.22569 -2e-06 0.009286 0.999957
7.97265 47.651 -2.34889 0.475102 0.22067 -2e-06 0.009286 0.999957
7.48514 46.5338 -2.33852 0.472912 0.22569 -2e-06 0.009286 0.999957
7.48514 46.5315 -2.58456 0.472912 0.22569 0 -0.999957 0.009279
7.97265 46.5338 -2.33852 0.475102 0.22569 0 -0.999957 0.009279
7.48514 46.5338 -2.33852 0.472912 0.22569 0 -0.999957 0.009279
7.97265 46.5315 -2.58456 0.475102 0.22569 0 -0.999957 0.009279
7.97265 46.5338 -2.33852 0.475102 0.22569 0 -0.999957 0.009279
7.48514 46.5315 -2.58456 0.472912 0.22569 0 -0.999957 0.009279
7.97265 47.6487 -2.59493 0.475102 0.22067 1 0 -0
7.97265 46.5338 -2.33852 0.475102 0.22569 1 0 -0
7.97265 46.5315 -2.58456 0.475102 0.22569 1 0 -0
7.97265 47.651 -2.34889 0.475102 0.22067 1 0 -0
7.97265 46.5338 -2.33852 0.475102 0.22569 1 0 -0
7.97265 47.6487 -2.59493 0.475102 0.22067 1 0 -0
7.48514 47.651 -2.34889 0.472912 0.22067 -1 0 -0
7.48514 46.5315 -2.58456 0.472912 0.22569 -1 0 -0
7.48514 46.5338 -2.33852 0.472912 0.22569 -1 0 -0
7.48514 47.6487 -2.59493 0.472912 0.22067 -1 0 -0
7.48514 46.5315 -2.58456 0.472912 0.22569 -1 0 -0
7.48514 47.651 -2.34889 0.472912 0.22067 -1 0 -0
-12.9407 48.8378 -2.88994 0.50509 0.212749 0 -0.009286 -0.999957
-6.7704 48.1736 -2.70723 0.471835 0.216268 0 -0.009117 -0.999958
-12.9407 48.1736 -2.70723 0.50509 0.216478 0 -0.009118 -0.999958
-6.7704 48.8378 -2.88994 0.471835 0.212515 0 -0.009286 -0.999957
-6.7704 48.1736 -2.70723 0.471835 0.216268 0 -0.009117 -0.999958
-12.9407 48.8378 -2.88994 0.50509 0.212749 0 -0.009286 -0.999957
-12.9407 47.5126 -2.28521 0.50509 0.220203 0 0.009285 0.999957
-6.7704 48.1775 -2.29138 0.471835 0.216268 0 0.009286 0.999957
-12.9407 48.1775 -2.29138 0.50509 0.216478 0 0.009286 0.999957
-6.7704 47.5126 -2.28521 0.471835 0.220015 0 0.009285 0.999957
-6.7704 48.1775 -2.29138 0.471835 0.216268 0 0.009286 0.999957
-12.9407 47.5126 -2.28521 0.50509 0.220203 0 0.009285 0.999957
-12.9407 48.8433 -2.29756 0.50509 0.212749 -1 0 1e-06
-12.9407 48.1736 -2.70723 0.50509 0.216478 -1 0 1e-06
-12.9407 48.1775 -2.29138 0.50509 0.216478 -1 0 -0
-12.9407 48.8378 -2.88994 0.50509 0.212749 -1 0 1e-06
-12.9407 48.1736 -2.70723 0.50509 0.216478 -1 0 1e-06
-12.9407 48.8433 -2.29756 0.50509 0.212749 -1 0 1e-06
-6.7704 48.1736 -2.70723 0.471835 0.216268 1 1e-06 -0
-6.7704 48.8433 -2.29756 0.471835 0.212515 1 -0 -1e-06
-6.7704 48.1775 -2.29138 0.471835 0.216268 1 0 -0
-6.7704 48.8378 -2.88994 0.471835 0.212515 1 -0 -1e-06
-6.7704 48.8433 -2.29756 0.471835 0.212515 1 -0 -1e-06
-6.7704 48.1736 -2.70723 0.471835 0.216268 1 1e-06 -0
6.76991 48.8378 -2.88994 0.471835 0.212515 0 -0.009286 -0.999957
12.9402 48.1736 -2.70723 0.50509 0.216478 0 -0.097174 -0.995267
6.76991 48.1736 -2.70723 0.471835 0.216268 0 0.079008 -0.996874
12.9402 48.8378 -2.88994 0.50509 0.212749 0 -0.009286 -0.999957
12.9402 48.1736 -2.70723 0.50509 0.216478 0 -0.097174 -0.995267
6.76991 48.8378 -2.88994 0.471835 0.212515 0 -0.009286 -0.999957
6.76991 47.5126 -2.28521 0.471835 0.220015 0 0.009286 0.999957
12.9402 48.1775 -2.29138 0.50509 0.216478 0 0.009286 0.999957
6.76991 48.1775 -2.29138 0.471835 0.216268 0 0.009286 0.999957
12.9402 47.5126 -2.28521 0.50509 0.220203 0 0.009286 0.999957
12.9402 48.1775 -2.29138 0.50509 0.216478 0 0.009286 0.999957
6.76991 47.5126 -2.28521 0.471835 0.220015 0 0.009286 0.999957
12.9402 48.1736 -2.70723 0.50509 0.216478 1 0 -0
12.9402 48.8433 -2.29756 0.50509 0.212749 1 0 -0
12.9402 48.1775 -2.29138 0.50509 0.216478 1 0 -0
12.9402 48.8378 -2.88994 0.50509 0.212749 1 0 -0
12.9402 48.8433 -2.29756 0.50509 0.212749 1 0 -0
12.9402 48.1736 -2.70723 0.50509 0.216478 1 0 -0
6.76991 48.8433 -2.29756 0.471835 0.212515 -1 0 -0
6.76991 48.1736 -2.70723 0.471835 0.216268 -1 0 -0
6.76991 48.1775 -2.29138 0.471835 0.216268 -1 0 -0
6.76991 48.8378 -2.88994 0.471835 0.212515 -1 0 -0
6.76991 48.1736 -2.70723 0.471835 0.216268 -1 0 -0
6.76991 48.8433 -2.29756 0.471835 0.212515 -1 0 -0
