Vertex Count: 720

Data:

14.2996 5.6935 62.6442 0.895104 0.76561 0.242318 0.009009 0.970155
14.8035 6.52449 62.5106 0.894409 0.762392 0.242318 0.009009 0.970155
14.2996 6.69346 62.6349 0.895096 0.761735 0.242318 0.009009 0.970155
14.8035 5.86013 62.5168 0.894409 0.764961 0.242318 0.009009 0.970155
14.8035 6.52449 62.5106 0.894409 0.762392 0.242318 0.009009 0.970155
14.2996 5.6935 62.6442 0.895104 0.76561 0.242318 0.009009 0.970155
14.2996 5.6935 62.6442 0.895104 0.76561 0.31076 -0.937225 0.158234
15.5088 4.84649 55.2524 0.866331 0.768619 0.31076 -0.937225 0.158234
14.8035 5.86013 62.5168 0.894409 0.764961 0.31076 -0.937225 0.158234
15.0384 4.67464 55.0336 0.86569 0.769276 0.31076 -0.937225 0.158234
15.5088 4.84649 55.2524 0.866331 0.768619 0.31076 -0.937225 0.158234
14.2996 5.6935 62.6442 0.895104 0.76561 0.31076 -0.937225 0.158234
15.0384 7.5708 55.0068 0.865626 0.758081 0.424208 -0.008406 -0.905526
15.5088 4.84649 55.2524 0.866331 0.768619 0.424208 -0.008406 -0.905526
15.0384 4.67464 55.0336 0.86569 0.769276 0.424208 -0.008406 -0.905526
15.5088 7.40304 55.2287 0.866253 0.75898 0.424208 -0.008406 -0.905526
15.5088 4.84649 55.2524 0.866331 0.768619 0.424208 -0.008406 -0.905526
15.0384 7.5708 55.0068 0.865626 0.758081 0.424208 -0.008406 -0.905526
14.2996 6.69346 62.6349 0.895096 0.761735 0.310763 0.940001 0.140801
15.5088 7.40304 55.2287 0.866253 0.75898 0.310763 0.940001 0.140801
15.0384 7.5708 55.0068 0.865626 0.758081 0.310763 0.940001 0.140801
14.8035 6.52449 62.5106 0.894409 0.762392 0.310763 0.940001 0.140801
15.5088 7.40304 55.2287 0.866253 0.75898 0.310763 0.940001 0.140801
14.2996 6.69346 62.6349 0.895096 0.761735 0.310763 0.940001 0.140801
14.646 5.97731 62.0094 0.892543 0.76449 0.995331 0.000896 0.096514
15.269 7.0195 55.5758 0.8677 0.760348 0.995331 0.000896 0.096514
14.646 6.3979 62.0055 0.892543 0.762863 0.995331 0.000896 0.096514
15.269 5.23641 55.5924 0.867745 0.767124 0.995331 0.000896 0.096514
15.269 7.0195 55.5758 0.8677 0.760348 0.995331 0.000896 0.096514
14.646 5.97731 62.0094 0.892543 0.76449 0.995331 0.000896 0.096514
15.0384 4.67464 55.0336 0.86569 0.769276 -0.995331 -0.000896 -0.096514
14.2996 6.69346 62.6349 0.895096 0.761735 -0.995331 -0.000896 -0.096514
15.0384 7.5708 55.0068 0.865626 0.758081 -0.995331 -0.000896 -0.096514
14.2996 5.6935 62.6442 0.895104 0.76561 -0.995331 -0.000896 -0.096514
14.2996 6.69346 62.6349 0.895096 0.761735 -0.995331 -0.000896 -0.096514
15.0384 4.67464 55.0336 0.86569 0.769276 -0.995331 -0.000896 -0.096514
14.646 6.3979 62.0055 0.892543 0.762863 0.787575 -0.616155 0.008879
15.5088 7.40304 55.2287 0.866253 0.75898 0.787575 -0.616155 0.008879
14.8035 6.52449 62.5106 0.894409 0.762392 0.787575 -0.616155 0.008879
15.269 7.0195 55.5758 0.8677 0.760348 0.787575 -0.616155 0.008879
15.5088 7.40304 55.2287 0.866253 0.75898 0.787575 -0.616155 0.008879
14.646 6.3979 62.0055 0.892543 0.762863 0.787575 -0.616155 0.008879
15.269 7.0195 55.5758 0.8677 0.760348 0.819971 0.005315 0.57238
15.5088 4.84649 55.2524 0.866331 0.768619 0.819971 0.005315 0.57238
15.5088 7.40304 55.2287 0.866253 0.75898 0.819971 0.005315 0.57238
15.269 5.23641 55.5924 0.867745 0.767124 0.819971 0.005315 0.57238
15.5088 4.84649 55.2524 0.866331 0.768619 0.819971 0.005315 0.57238
15.269 7.0195 55.5758 0.8677 0.760348 0.819971 0.005315 0.57238
15.5088 4.84649 55.2524 0.866331 0.768619 0.787574 0.616215 -0.002565
14.646 5.97731 62.0094 0.892543 0.76449 0.787574 0.616215 -0.002565
14.8035 5.86013 62.5168 0.894409 0.764961 0.787574 0.616215 -0.002565
15.269 5.23641 55.5924 0.867745 0.767124 0.787574 0.616215 -0.002565
14.646 5.97731 62.0094 0.892543 0.76449 0.787574 0.616215 -0.002565
15.5088 4.84649 55.2524 0.866331 0.768619 0.787574 0.616215 -0.002565
14.646 5.97731 62.0094 0.892543 0.76449 0.954871 -0.002758 -0.297008
14.8035 6.52449 62.5106 0.894409 0.762392 0.954871 -0.002758 -0.297008
14.8035 5.86013 62.5168 0.894409 0.764961 0.954871 -0.002758 -0.297008
14.646 6.3979 62.0055 0.892543 0.762863 0.954871 -0.002758 -0.297008
14.8035 6.52449 62.5106 0.894409 0.762392 0.954871 -0.002758 -0.297008
14.646 5.97731 62.0094 0.892543 0.76449 0.954871 -0.002758 -0.297008
14.1815 2.40038 62.6845 0.895162 0.778434 0.250829 -0.024325 0.967726
14.799 3.14941 62.5433 0.894416 0.775443 0.250829 -0.024325 0.967726
14.3261 3.38978 62.6719 0.895117 0.774518 0.250829 -0.024325 0.967726
14.703 2.49206 62.5517 0.894465 0.777566 0.250829 -0.024325 0.967726
14.799 3.14941 62.5433 0.894416 0.775443 0.250829 -0.024325 0.967726
14.1815 2.40038 62.6845 0.895162 0.778434 0.250829 -0.024325 0.967726
14.1815 2.40038 62.6845 0.895162 0.778434 0.173426 -0.972036 0.158336
15.1809 1.37325 55.2842 0.866332 0.781645 0.173426 -0.972036 0.158336
14.703 2.49206 62.5517 0.894465 0.777566 0.173426 -0.972036 0.158336
14.6884 1.27088 55.0706 0.865692 0.78255 0.173426 -0.972036 0.158336
15.1809 1.37325 55.2842 0.866332 0.781645 0.173426 -0.972036 0.158336
14.1815 2.40038 62.6845 0.895162 0.778434 0.173426 -0.972036 0.158336
15.1073 4.13648 55.0341 0.865643 0.771357 0.409374 -0.071436 -0.909566
15.1809 1.37325 55.2842 0.866332 0.781645 0.409374 -0.071436 -0.909566
14.6884 1.27088 55.0706 0.865692 0.78255 0.409374 -0.071436 -0.909566
15.5507 3.90282 55.252 0.866278 0.772268 0.409374 -0.071436 -0.909566
15.1809 1.37325 55.2842 0.866332 0.781645 0.409374 -0.071436 -0.909566
15.1073 4.13648 55.0341 0.865643 0.771357 0.409374 -0.071436 -0.909566
14.3261 3.38978 62.6719 0.895117 0.774518 0.444939 0.885381 0.134647
15.5507 3.90282 55.252 0.866278 0.772268 0.444939 0.885381 0.134647
15.1073 4.13648 55.0341 0.865643 0.771357 0.444939 0.885381 0.134647
14.799 3.14941 62.5433 0.894416 0.775443 0.444939 0.885381 0.134647
15.5507 3.90282 55.252 0.866278 0.772268 0.444939 0.885381 0.134647
14.3261 3.38978 62.6719 0.895117 0.774518 0.444939 0.885381 0.134647
14.559 2.62985 62.0455 0.892599 0.777434 0.985903 -0.143009 0.086854
15.2613 3.5587 55.6027 0.867729 0.773611 0.985903 -0.143009 0.086854
14.6199 3.04599 62.0402 0.892568 0.775825 0.985903 -0.143009 0.086854
15.0034 1.79443 55.6252 0.867769 0.780312 0.985903 -0.143009 0.086854
15.2613 3.5587 55.6027 0.867729 0.773611 0.985903 -0.143009 0.086854
14.559 2.62985 62.0455 0.892599 0.777434 0.985903 -0.143009 0.086854
14.6884 1.27088 55.0706 0.865692 0.78255 -0.985903 0.14301 -0.086854
14.3261 3.38978 62.6719 0.895117 0.774518 -0.985903 0.14301 -0.086854
15.1073 4.13648 55.0341 0.865643 0.771357 -0.985903 0.14301 -0.086854
14.1815 2.40038 62.6845 0.895162 0.778434 -0.985903 0.14301 -0.086854
14.3261 3.38978 62.6719 0.895117 0.774518 -0.985903 0.14301 -0.086854
14.6884 1.27088 55.0706 0.865692 0.78255 -0.985903 0.14301 -0.086854
14.6199 3.04599 62.0402 0.892568 0.775825 0.690156 -0.723653 0.003295
15.5507 3.90282 55.252 0.866278 0.772268 0.690156 -0.723653 0.003295
14.799 3.14941 62.5433 0.894416 0.775443 0.690156 -0.723653 0.003295
15.2613 3.5587 55.6027 0.867729 0.773611 0.690156 -0.723653 0.003295
15.5507 3.90282 55.252 0.866278 0.772268 0.690156 -0.723653 0.003295
14.6199 3.04599 62.0402 0.892568 0.775825 0.690156 -0.723653 0.003295
15.2613 3.5587 55.6027 0.867729 0.773611 0.817824 -0.112352 0.564394
15.1809 1.37325 55.2842 0.866332 0.781645 0.817824 -0.112352 0.564394
15.5507 3.90282 55.252 0.866278 0.772268 0.817824 -0.112352 0.564394
15.0034 1.79443 55.6252 0.867769 0.780312 0.817824 -0.112352 0.564394
15.1809 1.37325 55.2842 0.866332 0.781645 0.817824 -0.112352 0.564394
15.2613 3.5587 55.6027 0.867729 0.773611 0.817824 -0.112352 0.564394
15.1809 1.37325 55.2842 0.866332 0.781645 0.868401 0.495711 -0.012257
14.559 2.62985 62.0455 0.892599 0.777434 0.868401 0.495711 -0.012257
14.703 2.49206 62.5517 0.894465 0.777566 0.868401 0.495711 -0.012257
15.0034 1.79443 55.6252 0.867769 0.780312 0.868401 0.495711 -0.012257
14.559 2.62985 62.0455 0.892599 0.777434 0.868401 0.495711 -0.012257
15.1809 1.37325 55.2842 0.866332 0.781645 0.868401 0.495711 -0.012257
14.559 2.62985 62.0455 0.892599 0.777434 0.941376 -0.141515 -0.306244
14.799 3.14941 62.5433 0.894416 0.775443 0.941376 -0.141515 -0.306244
14.703 2.49206 62.5517 0.894465 0.777566 0.941376 -0.141515 -0.306244
14.6199 3.04599 62.0402 0.892568 0.775825 0.941376 -0.141515 -0.306244
14.799 3.14941 62.5433 0.894416 0.775443 0.941376 -0.141515 -0.306244
14.559 2.62985 62.0455 0.892599 0.777434 0.941376 -0.141515 -0.306244
12.9237 -1.59571 62.7122 0.895132 0.793906 0.220966 -0.052537 0.973866
13.6614 -0.962895 62.5789 0.894434 0.790882 0.220966 -0.052537 0.973866
13.2328 -0.644846 62.6933 0.89509 0.790219 0.220966 -0.052537 0.973866
13.4561 -1.59463 62.5914 0.894462 0.793331 0.220966 -0.052537 0.973866
13.6614 -0.962895 62.5789 0.894434 0.790882 0.220966 -0.052537 0.973866
12.9237 -1.59571 62.7122 0.895132 0.793906 0.220966 -0.052537 0.973866
12.9237 -1.59571 62.7122 0.895132 0.793906 0.00399 -0.985048 0.172235
13.9055 -2.87906 55.3496 0.866749 0.797913 0.00399 -0.985048 0.172235
13.4561 -1.59463 62.5914 0.894462 0.793331 0.00399 -0.985048 0.172235
13.4078 -2.90036 55.1248 0.865715 0.798595 0.00399 -0.985048 0.172235
13.9055 -2.87906 55.3496 0.866749 0.797913 0.00399 -0.985048 0.172235
12.9237 -1.59571 62.7122 0.895132 0.793906 0.00399 -0.985048 0.172235
14.3029 -0.146387 55.0703 0.865623 0.787983 0.412272 -0.151772 -0.89833
13.9055 -2.87906 55.3496 0.866749 0.797913 0.412272 -0.151772 -0.89833
13.4078 -2.90036 55.1248 0.865715 0.798595 0.412272 -0.151772 -0.89833
14.6956 -0.448027 55.3015 0.866305 0.788599 0.412272 -0.151772 -0.89833
13.9055 -2.87906 55.3496 0.866749 0.797913 0.412272 -0.151772 -0.89833
14.3029 -0.146387 55.0703 0.865623 0.787983 0.412272 -0.151772 -0.89833
13.2328 -0.644846 62.6933 0.89509 0.790219 0.584155 0.800013 0.136901
14.6956 -0.448027 55.3015 0.866305 0.788599 0.584155 0.800013 0.136901
14.3029 -0.146387 55.0703 0.865623 0.787983 0.584155 0.800013 0.136901
13.6614 -0.962895 62.5789 0.894434 0.790882 0.584155 0.800013 0.136901
14.6956 -0.448027 55.3015 0.866305 0.788599 0.584155 0.800013 0.136901
13.2328 -0.644846 62.6933 0.89509 0.790219 0.584155 0.800013 0.136901
13.3489 -1.44174 62.0805 0.892576 0.792956 0.945616 -0.305103 0.112793
14.3446 -0.733823 55.6484 0.867722 0.789959 0.945616 -0.305103 0.112793
13.4789 -1.0418 62.0726 0.892559 0.791405 0.945616 -0.305103 0.112793
13.7935 -2.42937 55.6819 0.867797 0.796533 0.945616 -0.305103 0.112793
14.3446 -0.733823 55.6484 0.867722 0.789959 0.945616 -0.305103 0.112793
13.3489 -1.44174 62.0805 0.892576 0.792956 0.945616 -0.305103 0.112793
13.4078 -2.90036 55.1248 0.865715 0.798595 -0.945616 0.305103 -0.112793
13.2328 -0.644846 62.6933 0.89509 0.790219 -0.945616 0.305103 -0.112793
14.3029 -0.146387 55.0703 0.865623 0.787983 -0.945616 0.305103 -0.112793
12.9237 -1.59571 62.7122 0.895132 0.793906 -0.945616 0.305103 -0.112793
13.2328 -0.644846 62.6933 0.89509 0.790219 -0.945616 0.305103 -0.112793
13.4078 -2.90036 55.1248 0.865715 0.798595 -0.945616 0.305103 -0.112793
13.4789 -1.0418 62.0726 0.892559 0.791405 0.558516 -0.829033 0.027655
14.6956 -0.448027 55.3015 0.866305 0.788599 0.558516 -0.829033 0.027655
13.6614 -0.962895 62.5789 0.894434 0.790882 0.558516 -0.829033 0.027655
14.3446 -0.733823 55.6484 0.867722 0.789959 0.558516 -0.829033 0.027655
14.6956 -0.448027 55.3015 0.866305 0.788599 0.558516 -0.829033 0.027655
13.4789 -1.0418 62.0726 0.892559 0.791405 0.558516 -0.829033 0.027655
14.3446 -0.733823 55.6484 0.867722 0.789959 0.774202 -0.240028 0.585661
13.9055 -2.87906 55.3496 0.866749 0.797913 0.774202 -0.240028 0.585661
14.6956 -0.448027 55.3015 0.866305 0.788599 0.774202 -0.240028 0.585661
13.7935 -2.42937 55.6819 0.867797 0.796533 0.774202 -0.240028 0.585661
13.9055 -2.87906 55.3496 0.866749 0.797913 0.774202 -0.240028 0.585661
14.3446 -0.733823 55.6484 0.867722 0.789959 0.774202 -0.240028 0.585661
13.9055 -2.87906 55.3496 0.866749 0.797913 0.939386 0.342831 0.00446
13.3489 -1.44174 62.0805 0.892576 0.792956 0.939386 0.342831 0.00446
13.4561 -1.59463 62.5914 0.894462 0.793331 0.939386 0.342831 0.00446
13.7935 -2.42937 55.6819 0.867797 0.796533 0.939386 0.342831 0.00446
13.3489 -1.44174 62.0805 0.892576 0.792956 0.939386 0.342831 0.00446
13.9055 -2.87906 55.3496 0.866749 0.797913 0.939386 0.342831 0.00446
13.3489 -1.44174 62.0805 0.892576 0.792956 0.910982 -0.301645 -0.281287
13.6614 -0.962895 62.5789 0.894434 0.790882 0.910982 -0.301645 -0.281287
13.4561 -1.59463 62.5914 0.894462 0.793331 0.910982 -0.301645 -0.281287
13.4789 -1.0418 62.0726 0.892559 0.791405 0.910982 -0.301645 -0.281287
13.6614 -0.962895 62.5789 0.894434 0.790882 0.910982 -0.301645 -0.281287
13.3489 -1.44174 62.0805 0.892576 0.792956 0.910982 -0.301645 -0.281287
-14.804 6.52449 62.5106 0.894409 0.762392 -0.242321 0.009 0.970154
-14.3001 5.6935 62.6442 0.895104 0.76561 -0.242321 0.009 0.970154
-14.3001 6.69345 62.6349 0.895096 0.761735 -0.242321 0.009 0.970154
-14.804 5.86013 62.5167 0.894409 0.764961 -0.242321 0.009 0.970154
-14.3001 5.6935 62.6442 0.895104 0.76561 -0.242321 0.009 0.970154
-14.804 6.52449 62.5106 0.894409 0.762392 -0.242321 0.009 0.970154
-14.3001 5.6935 62.6442 0.895104 0.76561 -0.310762 -0.937224 0.158234
-15.5093 4.84649 55.2524 0.866331 0.768619 -0.310762 -0.937224 0.158234
-15.0389 4.67464 55.0336 0.86569 0.769276 -0.310762 -0.937224 0.158234
-14.804 5.86013 62.5167 0.894409 0.764961 -0.310762 -0.937224 0.158234
-15.5093 4.84649 55.2524 0.866331 0.768619 -0.310762 -0.937224 0.158234
-14.3001 5.6935 62.6442 0.895104 0.76561 -0.310762 -0.937224 0.158234
-15.5093 4.84649 55.2524 0.866331 0.768619 -0.424211 -0.008404 -0.905524
-15.0389 7.5708 55.0068 0.865626 0.758081 -0.424211 -0.008404 -0.905524
-15.0389 4.67464 55.0336 0.86569 0.769276 -0.424211 -0.008404 -0.905524
-15.5093 7.40304 55.2287 0.866253 0.75898 -0.424211 -0.008404 -0.905524
-15.0389 7.5708 55.0068 0.865626 0.758081 -0.424211 -0.008404 -0.905524
-15.5093 4.84649 55.2524 0.866331 0.768619 -0.424211 -0.008404 -0.905524
-15.5093 7.40304 55.2287 0.866253 0.75898 -0.310764 0.94 0.140801
-14.3001 6.69345 62.6349 0.895096 0.761735 -0.310764 0.94 0.140801
-15.0389 7.5708 55.0068 0.865626 0.758081 -0.310764 0.94 0.140801
-14.804 6.52449 62.5106 0.894409 0.762392 -0.310764 0.94 0.140801
-14.3001 6.69345 62.6349 0.895096 0.761735 -0.310764 0.94 0.140801
-15.5093 7.40304 55.2287 0.866253 0.75898 -0.310764 0.94 0.140801
-15.2694 7.0195 55.5758 0.8677 0.760348 -0.995331 0.000896 0.096514
-14.6465 5.97731 62.0094 0.892543 0.76449 -0.995331 0.000896 0.096514
-14.6465 6.3979 62.0055 0.892543 0.762863 -0.995331 0.000896 0.096514
-15.2694 5.23641 55.5924 0.867745 0.767124 -0.995331 0.000896 0.096514
-14.6465 5.97731 62.0094 0.892543 0.76449 -0.995331 0.000896 0.096514
-15.2694 7.0195 55.5758 0.8677 0.760348 -0.995331 0.000896 0.096514
-14.3001 6.69345 62.6349 0.895096 0.761735 0.995331 -0.000896 -0.096514
-15.0389 4.67464 55.0336 0.86569 0.769276 0.995331 -0.000896 -0.096514
-15.0389 7.5708 55.0068 0.865626 0.758081 0.995331 -0.000896 -0.096514
-14.3001 5.6935 62.6442 0.895104 0.76561 0.995331 -0.000896 -0.096514
-15.0389 4.67464 55.0336 0.86569 0.769276 0.995331 -0.000896 -0.096514
-14.3001 6.69345 62.6349 0.895096 0.761735 0.995331 -0.000896 -0.096514
-15.5093 7.40304 55.2287 0.866253 0.75898 -0.787572 -0.616158 0.008878
-14.6465 6.3979 62.0055 0.892543 0.762863 -0.787572 -0.616158 0.008878
-14.804 6.52449 62.5106 0.894409 0.762392 -0.787572 -0.616158 0.008878
-15.2694 7.0195 55.5758 0.8677 0.760348 -0.787572 -0.616158 0.008878
-14.6465 6.3979 62.0055 0.892543 0.762863 -0.787572 -0.616158 0.008878
-15.5093 7.40304 55.2287 0.866253 0.75898 -0.787572 -0.616158 0.008878
-15.5093 4.84649 55.2524 0.866331 0.768619 -0.819969 0.005314 0.572383
-15.2694 7.0195 55.5758 0.8677 0.760348 -0.819969 0.005314 0.572383
-15.5093 7.40304 55.2287 0.866253 0.75898 -0.819969 0.005314 0.572383
-15.2694 5.23641 55.5924 0.867745 0.767124 -0.819969 0.005314 0.572383
-15.2694 7.0195 55.5758 0.8677 0.760348 -0.819969 0.005314 0.572383
-15.5093 4.84649 55.2524 0.866331 0.768619 -0.819969 0.005314 0.572383
-15.5093 4.84649 55.2524 0.866331 0.768619 -0.787573 0.616216 -0.002565
-14.6465 5.97731 62.0094 0.892543 0.76449 -0.787573 0.616216 -0.002565
-15.2694 5.23641 55.5924 0.867745 0.767124 -0.787573 0.616216 -0.002565
-14.804 5.86013 62.5167 0.894409 0.764961 -0.787573 0.616216 -0.002565
-14.6465 5.97731 62.0094 0.892543 0.76449 -0.787573 0.616216 -0.002565
-15.5093 4.84649 55.2524 0.866331 0.768619 -0.787573 0.616216 -0.002565
-14.804 6.52449 62.5106 0.894409 0.762392 -0.954871 -0.002754 -0.297008
-14.6465 5.97731 62.0094 0.892543 0.76449 -0.954871 -0.002754 -0.297008
-14.804 5.86013 62.5167 0.894409 0.764961 -0.954871 -0.002754 -0.297008
-14.6465 6.3979 62.0055 0.892543 0.762863 -0.954871 -0.002754 -0.297008
-14.6465 5.97731 62.0094 0.892543 0.76449 -0.954871 -0.002754 -0.297008
-14.804 6.52449 62.5106 0.894409 0.762392 -0.954871 -0.002754 -0.297008
-14.7995 3.14941 62.5433 0.894416 0.775443 -0.250813 -0.024325 0.96773
-14.182 2.40038 62.6845 0.895162 0.778434 -0.250813 -0.024325 0.96773
-14.3266 3.38979 62.6719 0.895117 0.774518 -0.250813 -0.024325 0.96773
-14.7035 2.49207 62.5517 0.894465 0.777566 -0.250813 -0.024325 0.96773
-14.182 2.40038 62.6845 0.895162 0.778434 -0.250813 -0.024325 0.96773
-14.7995 3.14941 62.5433 0.894416 0.775443 -0.250813 -0.024325 0.96773
-14.182 2.40038 62.6845 0.895162 0.778434 -0.173424 -0.972036 0.158336
-15.1814 1.37325 55.2842 0.866332 0.781645 -0.173424 -0.972036 0.158336
-14.6889 1.27088 55.0706 0.865692 0.78255 -0.173424 -0.972036 0.158336
-14.7035 2.49207 62.5517 0.894465 0.777566 -0.173424 -0.972036 0.158336
-15.1814 1.37325 55.2842 0.866332 0.781645 -0.173424 -0.972036 0.158336
-14.182 2.40038 62.6845 0.895162 0.778434 -0.173424 -0.972036 0.158336
-15.1814 1.37325 55.2842 0.866332 0.781645 -0.409378 -0.071436 -0.909564
-15.1078 4.13648 55.0341 0.865643 0.771357 -0.409378 -0.071436 -0.909564
-14.6889 1.27088 55.0706 0.865692 0.78255 -0.409378 -0.071436 -0.909564
-15.5512 3.90282 55.252 0.866278 0.772268 -0.409378 -0.071436 -0.909564
-15.1078 4.13648 55.0341 0.865643 0.771357 -0.409378 -0.071436 -0.909564
-15.1814 1.37325 55.2842 0.866332 0.781645 -0.409378 -0.071436 -0.909564
-15.5512 3.90282 55.252 0.866278 0.772268 -0.44494 0.885381 0.134647
-14.3266 3.38979 62.6719 0.895117 0.774518 -0.44494 0.885381 0.134647
-15.1078 4.13648 55.0341 0.865643 0.771357 -0.44494 0.885381 0.134647
-14.7995 3.14941 62.5433 0.894416 0.775443 -0.44494 0.885381 0.134647
-14.3266 3.38979 62.6719 0.895117 0.774518 -0.44494 0.885381 0.134647
-15.5512 3.90282 55.252 0.866278 0.772268 -0.44494 0.885381 0.134647
-15.2618 3.5587 55.6027 0.867729 0.773611 -0.985903 -0.143009 0.086854
-14.5595 2.62985 62.0455 0.892599 0.777434 -0.985903 -0.143009 0.086854
-14.6203 3.04599 62.0402 0.892568 0.775825 -0.985903 -0.143009 0.086854
-15.0039 1.79443 55.6252 0.867769 0.780312 -0.985903 -0.143009 0.086854
-14.5595 2.62985 62.0455 0.892599 0.777434 -0.985903 -0.143009 0.086854
-15.2618 3.5587 55.6027 0.867729 0.773611 -0.985903 -0.143009 0.086854
-14.3266 3.38979 62.6719 0.895117 0.774518 0.985903 0.14301 -0.086854
-14.6889 1.27088 55.0706 0.865692 0.78255 0.985903 0.14301 -0.086854
-15.1078 4.13648 55.0341 0.865643 0.771357 0.985903 0.14301 -0.086854
-14.182 2.40038 62.6845 0.895162 0.778434 0.985903 0.14301 -0.086854
-14.6889 1.27088 55.0706 0.865692 0.78255 0.985903 0.14301 -0.086854
-14.3266 3.38979 62.6719 0.895117 0.774518 0.985903 0.14301 -0.086854
-15.5512 3.90282 55.252 0.866278 0.772268 -0.690156 -0.723653 0.003295
-14.6203 3.04599 62.0402 0.892568 0.775825 -0.690156 -0.723653 0.003295
-14.7995 3.14941 62.5433 0.894416 0.775443 -0.690156 -0.723653 0.003295
-15.2618 3.5587 55.6027 0.867729 0.773611 -0.690156 -0.723653 0.003295
-14.6203 3.04599 62.0402 0.892568 0.775825 -0.690156 -0.723653 0.003295
-15.5512 3.90282 55.252 0.866278 0.772268 -0.690156 -0.723653 0.003295
-15.1814 1.37325 55.2842 0.866332 0.781645 -0.817823 -0.112351 0.564396
-15.2618 3.5587 55.6027 0.867729 0.773611 -0.817823 -0.112351 0.564396
-15.5512 3.90282 55.252 0.866278 0.772268 -0.817823 -0.112351 0.564396
-15.0039 1.79443 55.6252 0.867769 0.780312 -0.817823 -0.112351 0.564396
-15.2618 3.5587 55.6027 0.867729 0.773611 -0.817823 -0.112351 0.564396
-15.1814 1.37325 55.2842 0.866332 0.781645 -0.817823 -0.112351 0.564396
-15.1814 1.37325 55.2842 0.866332 0.781645 -0.8684 0.495713 -0.012257
-14.5595 2.62985 62.0455 0.892599 0.777434 -0.8684 0.495713 -0.012257
-15.0039 1.79443 55.6252 0.867769 0.780312 -0.8684 0.495713 -0.012257
-14.7035 2.49207 62.5517 0.894465 0.777566 -0.8684 0.495713 -0.012257
-14.5595 2.62985 62.0455 0.892599 0.777434 -0.8684 0.495713 -0.012257
-15.1814 1.37325 55.2842 0.866332 0.781645 -0.8684 0.495713 -0.012257
-14.7995 3.14941 62.5433 0.894416 0.775443 -0.941375 -0.141515 -0.306245
-14.5595 2.62985 62.0455 0.892599 0.777434 -0.941375 -0.141515 -0.306245
-14.7035 2.49207 62.5517 0.894465 0.777566 -0.941375 -0.141515 -0.306245
-14.6203 3.04599 62.0402 0.892568 0.775825 -0.941375 -0.141515 -0.306245
-14.5595 2.62985 62.0455 0.892599 0.777434 -0.941375 -0.141515 -0.306245
-14.7995 3.14941 62.5433 0.894416 0.775443 -0.941375 -0.141515 -0.306245
-13.6619 -0.962895 62.5789 0.894434 0.790882 -0.220976 -0.052528 0.973864
-12.9242 -1.59571 62.7122 0.895132 0.793906 -0.220976 -0.052528 0.973864
-13.2333 -0.644844 62.6933 0.89509 0.790219 -0.220976 -0.052528 0.973864
-13.4566 -1.59463 62.5914 0.894462 0.793331 -0.220976 -0.052528 0.973864
-12.9242 -1.59571 62.7122 0.895132 0.793906 -0.220976 -0.052528 0.973864
-13.6619 -0.962895 62.5789 0.894434 0.790882 -0.220976 -0.052528 0.973864
-12.9242 -1.59571 62.7122 0.895132 0.793906 -0.003991 -0.985048 0.172235
-13.9059 -2.87906 55.3496 0.866749 0.797913 -0.003991 -0.985048 0.172235
-13.4083 -2.90036 55.1248 0.865715 0.798595 -0.003991 -0.985048 0.172235
-13.4566 -1.59463 62.5914 0.894462 0.793331 -0.003991 -0.985048 0.172235
-13.9059 -2.87906 55.3496 0.866749 0.797913 -0.003991 -0.985048 0.172235
-12.9242 -1.59571 62.7122 0.895132 0.793906 -0.003991 -0.985048 0.172235
-13.9059 -2.87906 55.3496 0.866749 0.797913 -0.412266 -0.15177 -0.898333
-14.3034 -0.146387 55.0703 0.865623 0.787983 -0.412266 -0.15177 -0.898333
-13.4083 -2.90036 55.1248 0.865715 0.798595 -0.412266 -0.15177 -0.898333
-14.6961 -0.448027 55.3015 0.866304 0.788599 -0.412266 -0.15177 -0.898333
-14.3034 -0.146387 55.0703 0.865623 0.787983 -0.412266 -0.15177 -0.898333
-13.9059 -2.87906 55.3496 0.866749 0.797913 -0.412266 -0.15177 -0.898333
-14.6961 -0.448027 55.3015 0.866304 0.788599 -0.584155 0.800013 0.136901
-13.2333 -0.644844 62.6933 0.89509 0.790219 -0.584155 0.800013 0.136901
-14.3034 -0.146387 55.0703 0.865623 0.787983 -0.584155 0.800013 0.136901
-13.6619 -0.962895 62.5789 0.894434 0.790882 -0.584155 0.800013 0.136901
-13.2333 -0.644844 62.6933 0.89509 0.790219 -0.584155 0.800013 0.136901
-14.6961 -0.448027 55.3015 0.866304 0.788599 -0.584155 0.800013 0.136901
-14.3451 -0.733823 55.6483 0.867722 0.789959 -0.945617 -0.305102 0.112792
-13.3494 -1.44174 62.0805 0.892576 0.792956 -0.945617 -0.305102 0.112792
-13.4794 -1.0418 62.0726 0.892559 0.791405 -0.945617 -0.305102 0.112792
-13.794 -2.42937 55.6819 0.867797 0.796533 -0.945617 -0.305102 0.112792
-13.3494 -1.44174 62.0805 0.892576 0.792956 -0.945617 -0.305102 0.112792
-14.3451 -0.733823 55.6483 0.867722 0.789959 -0.945617 -0.305102 0.112792
-13.2333 -0.644844 62.6933 0.89509 0.790219 0.945617 0.305102 -0.112792
-13.4083 -2.90036 55.1248 0.865715 0.798595 0.945617 0.305102 -0.112792
-14.3034 -0.146387 55.0703 0.865623 0.787983 0.945617 0.305102 -0.112792
-12.9242 -1.59571 62.7122 0.895132 0.793906 0.945617 0.305102 -0.112792
-13.4083 -2.90036 55.1248 0.865715 0.798595 0.945617 0.305102 -0.112792
-13.2333 -0.644844 62.6933 0.89509 0.790219 0.945617 0.305102 -0.112792
-14.6961 -0.448027 55.3015 0.866304 0.788599 -0.558518 -0.829031 0.027655
-13.4794 -1.0418 62.0726 0.892559 0.791405 -0.558518 -0.829031 0.027655
-13.6619 -0.962895 62.5789 0.894434 0.790882 -0.558518 -0.829031 0.027655
-14.3451 -0.733823 55.6483 0.867722 0.789959 -0.558518 -0.829031 0.027655
-13.4794 -1.0418 62.0726 0.892559 0.791405 -0.558518 -0.829031 0.027655
-14.6961 -0.448027 55.3015 0.866304 0.788599 -0.558518 -0.829031 0.027655
-13.9059 -2.87906 55.3496 0.866749 0.797913 -0.774198 -0.240028 0.585665
-14.3451 -0.733823 55.6483 0.867722 0.789959 -0.774198 -0.240028 0.585665
-14.6961 -0.448027 55.3015 0.866304 0.788599 -0.774198 -0.240028 0.585665
-13.794 -2.42937 55.6819 0.867797 0.796533 -0.774198 -0.240028 0.585665
-14.3451 -0.733823 55.6483 0.867722 0.789959 -0.774198 -0.240028 0.585665
-13.9059 -2.87906 55.3496 0.866749 0.797913 -0.774198 -0.240028 0.585665
-13.9059 -2.87906 55.3496 0.866749 0.797913 -0.939386 0.342831 0.00446
-13.3494 -1.44174 62.0805 0.892576 0.792956 -0.939386 0.342831 0.00446
-13.794 -2.42937 55.6819 0.867797 0.796533 -0.939386 0.342831 0.00446
-13.4566 -1.59463 62.5914 0.894462 0.793331 -0.939386 0.342831 0.00446
-13.3494 -1.44174 62.0805 0.892576 0.792956 -0.939386 0.342831 0.00446
-13.9059 -2.87906 55.3496 0.866749 0.797913 -0.939386 0.342831 0.00446
-13.6619 -0.962895 62.5789 0.894434 0.790882 -0.910978 -0.301652 -0.281291
-13.3494 -1.44174 62.0805 0.892576 0.792956 -0.910978 -0.301652 -0.281291
-13.4566 -1.59463 62.5914 0.894462 0.793331 -0.910978 -0.301652 -0.281291
-13.4794 -1.0418 62.0726 0.892559 0.791405 -0.910978 -0.301652 -0.281291
-13.3494 -1.44174 62.0805 0.892576 0.792956 -0.910978 -0.301652 -0.281291
-13.6619 -0.962895 62.5789 0.894434 0.790882 -0.910978 -0.301652 -0.281291
-4.61829 3.74234 -140.636 0.109158 0.765651 -0.190334 -0.067666 -0.979385
-4.37658 4.68645 -140.748 0.108544 0.762521 -0.190334 -0.067666 -0.979385
-4.08243 3.73073 -140.739 0.108539 0.76623 -0.190334 -0.067666 -0.979385
-4.81372 4.37731 -140.642 0.109162 0.763187 -0.190334 -0.067666 -0.979385
-4.37658 4.68645 -140.748 0.108544 0.762521 -0.190334 -0.067666 -0.979385
-4.61829 3.74234 -140.636 0.109158 0.765651 -0.190334 -0.067666 -0.979385
-4.37658 4.68645 -140.748 0.108544 0.762521 -0.566499 0.806206 -0.170618
-6.07297 5.04686 -133.412 0.13715 0.760618 -0.566499 0.806206 -0.170618
-5.68311 5.34674 -133.174 0.137849 0.760507 -0.566499 0.806206 -0.170618
-4.81372 4.37731 -140.642 0.109162 0.763187 -0.566499 0.806206 -0.170618
-6.07297 5.04686 -133.412 0.13715 0.760618 -0.566499 0.806206 -0.170618
-4.37658 4.68645 -140.748 0.108544 0.762521 -0.566499 0.806206 -0.170618
-6.07297 5.04686 -133.412 0.13715 0.760618 -0.443328 -0.128209 0.887143
-4.83118 2.5787 -133.148 0.137886 0.770824 -0.443328 -0.128209 0.887143
-5.68311 5.34674 -133.174 0.137849 0.760507 -0.443328 -0.128209 0.887143
-5.32094 2.6034 -133.39 0.137204 0.77019 -0.443328 -0.128209 0.887143
-4.83118 2.5787 -133.148 0.137886 0.770824 -0.443328 -0.128209 0.887143
-6.07297 5.04686 -133.412 0.13715 0.760618 -0.443328 -0.128209 0.887143
-5.32094 2.6034 -133.39 0.137204 0.77019 -0.014299 -0.987974 -0.153955
-4.08243 3.73073 -140.739 0.108539 0.76623 -0.014299 -0.987974 -0.153955
-4.83118 2.5787 -133.148 0.137886 0.770824 -0.014299 -0.987974 -0.153955
-4.61829 3.74234 -140.636 0.109158 0.765651 -0.014299 -0.987974 -0.153955
-4.08243 3.73073 -140.739 0.108539 0.76623 -0.014299 -0.987974 -0.153955
-5.32094 2.6034 -133.39 0.137204 0.77019 -0.014299 -0.987974 -0.153955
-5.19115 3.04489 -133.726 0.135814 0.768692 -0.946288 -0.292519 -0.137741
-4.64892 4.30526 -140.128 0.111058 0.763694 -0.946288 -0.292519 -0.137741
-4.5252 3.90328 -140.124 0.111055 0.765254 -0.946288 -0.292519 -0.137741
-5.71566 4.7491 -133.742 0.135815 0.761977 -0.946288 -0.292519 -0.137741
-4.64892 4.30526 -140.128 0.111058 0.763694 -0.946288 -0.292519 -0.137741
-5.19115 3.04489 -133.726 0.135814 0.768692 -0.946288 -0.292519 -0.137741
-4.08243 3.73073 -140.739 0.108539 0.76623 0.946287 0.29252 0.137741
-5.68311 5.34674 -133.174 0.137849 0.760507 0.946287 0.29252 0.137741
-4.83118 2.5787 -133.148 0.137886 0.770824 0.946287 0.29252 0.137741
-4.37658 4.68645 -140.748 0.108544 0.762521 0.946287 0.29252 0.137741
-5.68311 5.34674 -133.174 0.137849 0.760507 0.946287 0.29252 0.137741
-4.08243 3.73073 -140.739 0.108539 0.76623 0.946287 0.29252 0.137741
-5.32094 2.6034 -133.39 0.137204 0.77019 -0.933117 0.357192 -0.04131
-4.5252 3.90328 -140.124 0.111055 0.765254 -0.933117 0.357192 -0.04131
-4.61829 3.74234 -140.636 0.109158 0.765651 -0.933117 0.357192 -0.04131
-5.19115 3.04489 -133.726 0.135814 0.768692 -0.933117 0.357192 -0.04131
-4.5252 3.90328 -140.124 0.111055 0.765254 -0.933117 0.357192 -0.04131
-5.32094 2.6034 -133.39 0.137204 0.77019 -0.933117 0.357192 -0.04131
-6.07297 5.04686 -133.412 0.13715 0.760618 -0.758735 -0.239141 -0.605915
-5.19115 3.04489 -133.726 0.135814 0.768692 -0.758735 -0.239141 -0.605915
-5.32094 2.6034 -133.39 0.137204 0.77019 -0.758735 -0.239141 -0.605915
-5.71566 4.7491 -133.742 0.135815 0.761977 -0.758735 -0.239141 -0.605915
-5.19115 3.04489 -133.726 0.135814 0.768692 -0.758735 -0.239141 -0.605915
-6.07297 5.04686 -133.412 0.13715 0.760618 -0.758735 -0.239141 -0.605915
-6.07297 5.04686 -133.412 0.13715 0.760618 -0.570611 -0.820659 -0.030373
-4.64892 4.30526 -140.128 0.111058 0.763694 -0.570611 -0.820659 -0.030373
-5.71566 4.7491 -133.742 0.135815 0.761977 -0.570611 -0.820659 -0.030373
-4.81372 4.37731 -140.642 0.109162 0.763187 -0.570611 -0.820659 -0.030373
-4.64892 4.30526 -140.128 0.111058 0.763694 -0.570611 -0.820659 -0.030373
-6.07297 5.04686 -133.412 0.13715 0.760618 -0.570611 -0.820659 -0.030373
-4.61829 3.74234 -140.636 0.109158 0.765651 -0.924293 -0.282085 0.257121
-4.64892 4.30526 -140.128 0.111058 0.763694 -0.924293 -0.282085 0.257121
-4.81372 4.37731 -140.642 0.109162 0.763187 -0.924293 -0.282085 0.257121
-4.5252 3.90328 -140.124 0.111055 0.765254 -0.924293 -0.282085 0.257121
-4.64892 4.30526 -140.128 0.111058 0.763694 -0.924293 -0.282085 0.257121
-4.61829 3.74234 -140.636 0.109158 0.765651 -0.924293 -0.282085 0.257121
-4.35158 -0.116937 -140.589 0.109169 0.781125 -0.165882 0.025418 -0.985818
-3.61133 0.517627 -140.698 0.108697 0.778179 -0.165882 0.025418 -0.985818
-3.9153 -0.434684 -140.671 0.108655 0.781156 -0.165882 0.025418 -0.985818
-4.14962 0.515763 -140.607 0.109197 0.779147 -0.165882 0.025418 -0.985818
-3.61133 0.517627 -140.698 0.108697 0.778179 -0.165882 0.025418 -0.985818
-4.35158 -0.116937 -140.589 0.109169 0.781125 -0.165882 0.025418 -0.985818
-3.61133 0.517627 -140.698 0.108697 0.778179 -9.6e-05 0.98015 -0.198256
-5.01506 1.98577 -133.439 0.136936 0.772697 -9.6e-05 0.98015 -0.198256
-4.53104 2.01662 -133.187 0.137654 0.773129 -9.6e-05 0.98015 -0.198256
-4.14962 0.515763 -140.607 0.109197 0.779147 -9.6e-05 0.98015 -0.198256
-5.01506 1.98577 -133.439 0.136936 0.772697 -9.6e-05 0.98015 -0.198256
-3.61133 0.517627 -140.698 0.108697 0.778179 -9.6e-05 0.98015 -0.198256
-5.01506 1.98577 -133.439 0.136936 0.772697 -0.463262 0.172151 0.86934
-5.41142 -0.741539 -133.11 0.137994 0.783445 -0.463262 0.172151 0.86934
-4.53104 2.01662 -133.187 0.137654 0.773129 -0.463262 0.172151 0.86934
-5.79221 -0.448967 -133.371 0.137089 0.783276 -0.463262 0.172151 0.86934
-5.41142 -0.741539 -133.11 0.137994 0.783445 -0.463262 0.172151 0.86934
-5.01506 1.98577 -133.439 0.136936 0.772697 -0.463262 0.172151 0.86934
-5.79221 -0.448967 -133.371 0.137089 0.783276 -0.570736 -0.807628 -0.148317
-3.9153 -0.434684 -140.671 0.108655 0.781156 -0.570736 -0.807628 -0.148317
-5.41142 -0.741539 -133.11 0.137994 0.783445 -0.570736 -0.807628 -0.148317
-4.35158 -0.116937 -140.589 0.109169 0.781125 -0.570736 -0.807628 -0.148317
-3.9153 -0.434684 -140.671 0.108655 0.781156 -0.570736 -0.807628 -0.148317
-5.79221 -0.448967 -133.371 0.137089 0.783276 -0.570736 -0.807628 -0.148317
-5.42389 -0.169746 -133.705 0.135844 0.781981 -0.939525 0.295028 -0.17393
-4.07063 0.377081 -140.087 0.111134 0.779262 -0.939525 0.295028 -0.17393
-4.19848 -0.023464 -140.076 0.111116 0.780514 -0.939525 0.295028 -0.17393
-4.88186 1.52838 -133.752 0.135729 0.774408 -0.939525 0.295028 -0.17393
-4.07063 0.377081 -140.087 0.111134 0.779262 -0.939525 0.295028 -0.17393
-5.42389 -0.169746 -133.705 0.135844 0.781981 -0.939525 0.295028 -0.17393
-3.9153 -0.434684 -140.671 0.108655 0.781156 0.939525 -0.295028 0.17393
-4.53104 2.01662 -133.187 0.137654 0.773129 0.939525 -0.295028 0.17393
-5.41142 -0.741539 -133.11 0.137994 0.783445 0.939525 -0.295028 0.17393
-3.61133 0.517627 -140.698 0.108697 0.778179 0.939525 -0.295028 0.17393
-4.53104 2.01662 -133.187 0.137654 0.773129 0.939525 -0.295028 0.17393
-3.9153 -0.434684 -140.671 0.108655 0.781156 0.939525 -0.295028 0.17393
-5.79221 -0.448967 -133.371 0.137089 0.783276 -0.560966 0.823861 -0.081053
-4.19848 -0.023464 -140.076 0.111116 0.780514 -0.560966 0.823861 -0.081053
-4.35158 -0.116937 -140.589 0.109169 0.781125 -0.560966 0.823861 -0.081053
-5.42389 -0.169746 -133.705 0.135844 0.781981 -0.560966 0.823861 -0.081053
-4.19848 -0.023464 -140.076 0.111116 0.780514 -0.560966 0.823861 -0.081053
-5.79221 -0.448967 -133.371 0.137089 0.783276 -0.560966 0.823861 -0.081053
-5.01506 1.98577 -133.439 0.136936 0.772697 -0.741283 0.218883 -0.6345
-5.42389 -0.169746 -133.705 0.135844 0.781981 -0.741283 0.218883 -0.6345
-5.79221 -0.448967 -133.371 0.137089 0.783276 -0.741283 0.218883 -0.6345
-4.88186 1.52838 -133.752 0.135729 0.774408 -0.741283 0.218883 -0.6345
-5.42389 -0.169746 -133.705 0.135844 0.781981 -0.741283 0.218883 -0.6345
-5.01506 1.98577 -133.439 0.136936 0.772697 -0.741283 0.218883 -0.6345
-5.01506 1.98577 -133.439 0.136936 0.772697 -0.935586 -0.349785 -0.048268
-4.07063 0.377081 -140.087 0.111134 0.779262 -0.935586 -0.349785 -0.048268
-4.88186 1.52838 -133.752 0.135729 0.774408 -0.935586 -0.349785 -0.048268
-4.14962 0.515763 -140.607 0.109197 0.779147 -0.935586 -0.349785 -0.048268
-4.07063 0.377081 -140.087 0.111134 0.779262 -0.935586 -0.349785 -0.048268
-5.01506 1.98577 -133.439 0.136936 0.772697 -0.935586 -0.349785 -0.048268
-4.35158 -0.116937 -140.589 0.109169 0.781125 -0.927191 0.302136 0.221428
-4.07063 0.377081 -140.087 0.111134 0.779262 -0.927191 0.302136 0.221428
-4.14962 0.515763 -140.607 0.109197 0.779147 -0.927191 0.302136 0.221428
-4.19848 -0.023464 -140.076 0.111116 0.780514 -0.927191 0.302136 0.221428
-4.07063 0.377081 -140.087 0.111134 0.779262 -0.927191 0.302136 0.221428
-4.35158 -0.116937 -140.589 0.109169 0.781125 -0.927191 0.302136 0.221428
-5.4304 -3.43154 -140.581 0.109114 0.793711 -0.259798 0.00422 -0.965654
-4.88044 -2.63215 -140.726 0.10846 0.790448 -0.259798 0.00422 -0.965654
-4.9397 -3.63033 -140.714 0.108459 0.794294 -0.259798 0.00422 -0.965654
-5.39103 -2.76837 -140.589 0.109114 0.791155 -0.259798 0.00422 -0.965654
-4.88044 -2.63215 -140.726 0.10846 0.790448 -0.259798 0.00422 -0.965654
-5.4304 -3.43154 -140.581 0.109114 0.793711 -0.259798 0.00422 -0.965654
-4.88044 -2.63215 -140.726 0.10846 0.790448 -0.257304 0.953849 -0.154814
-5.90437 -1.70565 -133.316 0.137309 0.787316 -0.257304 0.953849 -0.154814
-5.42077 -1.5618 -133.106 0.137957 0.786592 -0.257304 0.953849 -0.154814
-5.39103 -2.76837 -140.589 0.109114 0.791155 -0.257304 0.953849 -0.154814
-5.90437 -1.70565 -133.316 0.137309 0.787316 -0.257304 0.953849 -0.154814
-4.88044 -2.63215 -140.726 0.10846 0.790448 -0.257304 0.953849 -0.154814
-5.90437 -1.70565 -133.316 0.137309 0.787316 -0.406638 0.034731 0.912929
-5.59239 -4.4528 -133.072 0.138011 0.797882 -0.406638 0.034731 0.912929
-5.42077 -1.5618 -133.106 0.137957 0.786592 -0.406638 0.034731 0.912929
-6.05587 -4.25765 -133.286 0.13728 0.796891 -0.406638 0.034731 0.912929
-5.59239 -4.4528 -133.072 0.138011 0.797882 -0.406638 0.034731 0.912929
-5.90437 -1.70565 -133.316 0.137309 0.787316 -0.406638 0.034731 0.912929
-6.05587 -4.25765 -133.286 0.13728 0.796891 -0.368552 -0.920033 -0.133076
-4.9397 -3.63033 -140.714 0.108459 0.794294 -0.368552 -0.920033 -0.133076
-5.59239 -4.4528 -133.072 0.138011 0.797882 -0.368552 -0.920033 -0.133076
-5.4304 -3.43154 -140.581 0.109114 0.793711 -0.368552 -0.920033 -0.133076
-4.9397 -3.63033 -140.714 0.108459 0.794294 -0.368552 -0.920033 -0.133076
-6.05587 -4.25765 -133.286 0.13728 0.796891 -0.368552 -0.920033 -0.133076
-5.79991 -3.88947 -133.638 0.135876 0.795568 -0.995197 0.058166 -0.078738
-5.23174 -2.89408 -140.084 0.111006 0.791585 -0.995197 0.058166 -0.078738
-5.25666 -3.31392 -140.079 0.111005 0.793203 -0.995197 0.058166 -0.078738
-5.69425 -2.10956 -133.659 0.135893 0.788788 -0.995197 0.058166 -0.078738
-5.23174 -2.89408 -140.084 0.111006 0.791585 -0.995197 0.058166 -0.078738
-5.79991 -3.88947 -133.638 0.135876 0.795568 -0.995197 0.058166 -0.078738
-4.9397 -3.63033 -140.714 0.108459 0.794294 0.995197 -0.058166 0.078738
-5.42077 -1.5618 -133.106 0.137957 0.786592 0.995197 -0.058166 0.078738
-5.59239 -4.4528 -133.072 0.138011 0.797882 0.995197 -0.058166 0.078738
-4.88044 -2.63215 -140.726 0.10846 0.790448 0.995197 -0.058166 0.078738
-5.42077 -1.5618 -133.106 0.137957 0.786592 0.995197 -0.058166 0.078738
-4.9397 -3.63033 -140.714 0.108459 0.794294 0.995197 -0.058166 0.078738
-6.05587 -4.25765 -133.286 0.13728 0.796891 -0.749599 0.661882 0.003761
-5.25666 -3.31392 -140.079 0.111005 0.793203 -0.749599 0.661882 0.003761
-5.4304 -3.43154 -140.581 0.109114 0.793711 -0.749599 0.661882 0.003761
-5.79991 -3.88947 -133.638 0.135876 0.795568 -0.749599 0.661882 0.003761
-5.25666 -3.31392 -140.079 0.111005 0.793203 -0.749599 0.661882 0.003761
-6.05587 -4.25765 -133.286 0.13728 0.796891 -0.749599 0.661882 0.003761
-5.90437 -1.70565 -133.316 0.137309 0.787316 -0.828971 0.042742 -0.557657
-5.79991 -3.88947 -133.638 0.135876 0.795568 -0.828971 0.042742 -0.557657
-6.05587 -4.25765 -133.286 0.13728 0.796891 -0.828971 0.042742 -0.557657
-5.69425 -2.10956 -133.659 0.135893 0.788788 -0.828971 0.042742 -0.557657
-5.79991 -3.88947 -133.638 0.135876 0.795568 -0.828971 0.042742 -0.557657
-5.90437 -1.70565 -133.316 0.137309 0.787316 -0.828971 0.042742 -0.557657
-5.90437 -1.70565 -133.316 0.137309 0.787316 -0.822629 -0.568293 0.018032
-5.23174 -2.89408 -140.084 0.111006 0.791585 -0.822629 -0.568293 0.018032
-5.69425 -2.10956 -133.659 0.135893 0.788788 -0.822629 -0.568293 0.018032
-5.39103 -2.76837 -140.589 0.109114 0.791155 -0.822629 -0.568293 0.018032
-5.23174 -2.89408 -140.084 0.111006 0.791585 -0.822629 -0.568293 0.018032
-5.90437 -1.70565 -133.316 0.137309 0.787316 -0.822629 -0.568293 0.018032
-5.4304 -3.43154 -140.581 0.109114 0.793711 -0.947534 0.059894 0.313995
-5.23174 -2.89408 -140.084 0.111006 0.791585 -0.947534 0.059894 0.313995
-5.39103 -2.76837 -140.589 0.109114 0.791155 -0.947534 0.059894 0.313995
-5.25666 -3.31392 -140.079 0.111005 0.793203 -0.947534 0.059894 0.313995
-5.23174 -2.89408 -140.084 0.111006 0.791585 -0.947534 0.059894 0.313995
-5.4304 -3.43154 -140.581 0.109114 0.793711 -0.947534 0.059894 0.313995
4.37608 4.68645 -140.748 0.108544 0.762521 0.190343 -0.067672 -0.979383
4.6178 3.74235 -140.636 0.109158 0.765651 0.190343 -0.067672 -0.979383
4.08194 3.73073 -140.739 0.108539 0.76623 0.190343 -0.067672 -0.979383
4.81322 4.37731 -140.642 0.109162 0.763187 0.190343 -0.067672 -0.979383
4.6178 3.74235 -140.636 0.109158 0.765651 0.190343 -0.067672 -0.979383
4.37608 4.68645 -140.748 0.108544 0.762521 0.190343 -0.067672 -0.979383
4.37608 4.68645 -140.748 0.108544 0.762521 0.5665 0.806206 -0.170618
6.07247 5.04686 -133.412 0.13715 0.760618 0.5665 0.806206 -0.170618
4.81322 4.37731 -140.642 0.109162 0.763187 0.5665 0.806206 -0.170618
5.68262 5.34674 -133.174 0.137849 0.760507 0.5665 0.806206 -0.170618
6.07247 5.04686 -133.412 0.13715 0.760618 0.5665 0.806206 -0.170618
4.37608 4.68645 -140.748 0.108544 0.762521 0.5665 0.806206 -0.170618
4.83069 2.5787 -133.149 0.137885 0.770824 0.443328 -0.128205 0.887144
6.07247 5.04686 -133.412 0.13715 0.760618 0.443328 -0.128205 0.887144
5.68262 5.34674 -133.174 0.137849 0.760507 0.443328 -0.128205 0.887144
5.32045 2.60341 -133.39 0.137204 0.77019 0.443328 -0.128205 0.887144
6.07247 5.04686 -133.412 0.13715 0.760618 0.443328 -0.128205 0.887144
4.83069 2.5787 -133.149 0.137885 0.770824 0.443328 -0.128205 0.887144
4.08194 3.73073 -140.739 0.108539 0.76623 0.014302 -0.987974 -0.153956
5.32045 2.60341 -133.39 0.137204 0.77019 0.014302 -0.987974 -0.153956
4.83069 2.5787 -133.149 0.137885 0.770824 0.014302 -0.987974 -0.153956
4.6178 3.74235 -140.636 0.109158 0.765651 0.014302 -0.987974 -0.153956
5.32045 2.60341 -133.39 0.137204 0.77019 0.014302 -0.987974 -0.153956
4.08194 3.73073 -140.739 0.108539 0.76623 0.014302 -0.987974 -0.153956
4.64843 4.30526 -140.128 0.111058 0.763694 0.946287 -0.29252 -0.137741
5.19066 3.04489 -133.726 0.135814 0.768692 0.946287 -0.29252 -0.137741
4.52471 3.90328 -140.124 0.111055 0.765254 0.946287 -0.29252 -0.137741
5.71517 4.7491 -133.742 0.135815 0.761977 0.946287 -0.29252 -0.137741
5.19066 3.04489 -133.726 0.135814 0.768692 0.946287 -0.29252 -0.137741
4.64843 4.30526 -140.128 0.111058 0.763694 0.946287 -0.29252 -0.137741
5.68262 5.34674 -133.174 0.137849 0.760507 -0.946288 0.292519 0.137741
4.08194 3.73073 -140.739 0.108539 0.76623 -0.946288 0.292519 0.137741
4.83069 2.5787 -133.149 0.137885 0.770824 -0.946288 0.292519 0.137741
4.37608 4.68645 -140.748 0.108544 0.762521 -0.946288 0.292519 0.137741
4.08194 3.73073 -140.739 0.108539 0.76623 -0.946288 0.292519 0.137741
5.68262 5.34674 -133.174 0.137849 0.760507 -0.946288 0.292519 0.137741
4.52471 3.90328 -140.124 0.111055 0.765254 0.933117 0.357193 -0.04131
5.32045 2.60341 -133.39 0.137204 0.77019 0.933117 0.357193 -0.04131
4.6178 3.74235 -140.636 0.109158 0.765651 0.933117 0.357193 -0.04131
5.19066 3.04489 -133.726 0.135814 0.768692 0.933117 0.357193 -0.04131
5.32045 2.60341 -133.39 0.137204 0.77019 0.933117 0.357193 -0.04131
4.52471 3.90328 -140.124 0.111055 0.765254 0.933117 0.357193 -0.04131
5.19066 3.04489 -133.726 0.135814 0.768692 0.758723 -0.239143 -0.605929
6.07247 5.04686 -133.412 0.13715 0.760618 0.758723 -0.239143 -0.605929
5.32045 2.60341 -133.39 0.137204 0.77019 0.758723 -0.239143 -0.605929
5.71517 4.7491 -133.742 0.135815 0.761977 0.758723 -0.239143 -0.605929
6.07247 5.04686 -133.412 0.13715 0.760618 0.758723 -0.239143 -0.605929
5.19066 3.04489 -133.726 0.135814 0.768692 0.758723 -0.239143 -0.605929
6.07247 5.04686 -133.412 0.13715 0.760618 0.570608 -0.820661 -0.030372
4.64843 4.30526 -140.128 0.111058 0.763694 0.570608 -0.820661 -0.030372
4.81322 4.37731 -140.642 0.109162 0.763187 0.570608 -0.820661 -0.030372
5.71517 4.7491 -133.742 0.135815 0.761977 0.570608 -0.820661 -0.030372
4.64843 4.30526 -140.128 0.111058 0.763694 0.570608 -0.820661 -0.030372
6.07247 5.04686 -133.412 0.13715 0.760618 0.570608 -0.820661 -0.030372
4.64843 4.30526 -140.128 0.111058 0.763694 0.924292 -0.282085 0.257123
4.6178 3.74235 -140.636 0.109158 0.765651 0.924292 -0.282085 0.257123
4.81322 4.37731 -140.642 0.109162 0.763187 0.924292 -0.282085 0.257123
4.52471 3.90328 -140.124 0.111055 0.765254 0.924292 -0.282085 0.257123
4.6178 3.74235 -140.636 0.109158 0.765651 0.924292 -0.282085 0.257123
4.64843 4.30526 -140.128 0.111058 0.763694 0.924292 -0.282085 0.257123
3.61084 0.517627 -140.698 0.108697 0.778179 0.165896 0.025418 -0.985816
4.35109 -0.116937 -140.589 0.109169 0.781125 0.165896 0.025418 -0.985816
3.91481 -0.434684 -140.671 0.108655 0.781156 0.165896 0.025418 -0.985816
4.14913 0.515763 -140.607 0.109197 0.779147 0.165896 0.025418 -0.985816
4.35109 -0.116937 -140.589 0.109169 0.781125 0.165896 0.025418 -0.985816
3.61084 0.517627 -140.698 0.108697 0.778179 0.165896 0.025418 -0.985816
3.61084 0.517627 -140.698 0.108697 0.778179 9.5e-05 0.98015 -0.198257
5.01457 1.98577 -133.439 0.136936 0.772697 9.5e-05 0.98015 -0.198257
4.14913 0.515763 -140.607 0.109197 0.779147 9.5e-05 0.98015 -0.198257
4.53055 2.01662 -133.187 0.137654 0.773129 9.5e-05 0.98015 -0.198257
5.01457 1.98577 -133.439 0.136936 0.772697 9.5e-05 0.98015 -0.198257
3.61084 0.517627 -140.698 0.108697 0.778179 9.5e-05 0.98015 -0.198257
5.41093 -0.741539 -133.11 0.137994 0.783445 0.463252 0.172151 0.869346
5.01457 1.98577 -133.439 0.136936 0.772697 0.463252 0.172151 0.869346
4.53055 2.01662 -133.187 0.137654 0.773129 0.463252 0.172151 0.869346
5.79172 -0.448967 -133.371 0.137089 0.783276 0.463252 0.172151 0.869346
5.01457 1.98577 -133.439 0.136936 0.772697 0.463252 0.172151 0.869346
5.41093 -0.741539 -133.11 0.137994 0.783445 0.463252 0.172151 0.869346
3.91481 -0.434684 -140.671 0.108655 0.781156 0.570736 -0.807628 -0.148316
5.79172 -0.448967 -133.371 0.137089 0.783276 0.570736 -0.807628 -0.148316
5.41093 -0.741539 -133.11 0.137994 0.783445 0.570736 -0.807628 -0.148316
4.35109 -0.116937 -140.589 0.109169 0.781125 0.570736 -0.807628 -0.148316
5.79172 -0.448967 -133.371 0.137089 0.783276 0.570736 -0.807628 -0.148316
3.91481 -0.434684 -140.671 0.108655 0.781156 0.570736 -0.807628 -0.148316
4.07014 0.377081 -140.087 0.111134 0.779262 0.939525 0.295028 -0.17393
5.4234 -0.169745 -133.705 0.135844 0.781981 0.939525 0.295028 -0.17393
4.19799 -0.023465 -140.076 0.111116 0.780514 0.939525 0.295028 -0.17393
4.88137 1.52838 -133.752 0.135729 0.774408 0.939525 0.295028 -0.17393
5.4234 -0.169745 -133.705 0.135844 0.781981 0.939525 0.295028 -0.17393
4.07014 0.377081 -140.087 0.111134 0.779262 0.939525 0.295028 -0.17393
4.53055 2.01662 -133.187 0.137654 0.773129 -0.939525 -0.295029 0.173929
3.91481 -0.434684 -140.671 0.108655 0.781156 -0.939525 -0.295029 0.173929
5.41093 -0.741539 -133.11 0.137994 0.783445 -0.939525 -0.295029 0.173929
3.61084 0.517627 -140.698 0.108697 0.778179 -0.939525 -0.295029 0.173929
3.91481 -0.434684 -140.671 0.108655 0.781156 -0.939525 -0.295029 0.173929
4.53055 2.01662 -133.187 0.137654 0.773129 -0.939525 -0.295029 0.173929
4.19799 -0.023465 -140.076 0.111116 0.780514 0.560966 0.823861 -0.081053
5.79172 -0.448967 -133.371 0.137089 0.783276 0.560966 0.823861 -0.081053
4.35109 -0.116937 -140.589 0.109169 0.781125 0.560966 0.823861 -0.081053
5.4234 -0.169745 -133.705 0.135844 0.781981 0.560966 0.823861 -0.081053
5.79172 -0.448967 -133.371 0.137089 0.783276 0.560966 0.823861 -0.081053
4.19799 -0.023465 -140.076 0.111116 0.780514 0.560966 0.823861 -0.081053
5.4234 -0.169745 -133.705 0.135844 0.781981 0.741282 0.218883 -0.634501
5.01457 1.98577 -133.439 0.136936 0.772697 0.741282 0.218883 -0.634501
5.79172 -0.448967 -133.371 0.137089 0.783276 0.741282 0.218883 -0.634501
4.88137 1.52838 -133.752 0.135729 0.774408 0.741282 0.218883 -0.634501
5.01457 1.98577 -133.439 0.136936 0.772697 0.741282 0.218883 -0.634501
5.4234 -0.169745 -133.705 0.135844 0.781981 0.741282 0.218883 -0.634501
5.01457 1.98577 -133.439 0.136936 0.772697 0.935585 -0.349786 -0.048267
4.07014 0.377081 -140.087 0.111134 0.779262 0.935585 -0.349786 -0.048267
4.14913 0.515763 -140.607 0.109197 0.779147 0.935585 -0.349786 -0.048267
4.88137 1.52838 -133.752 0.135729 0.774408 0.935585 -0.349786 -0.048267
4.07014 0.377081 -140.087 0.111134 0.779262 0.935585 -0.349786 -0.048267
5.01457 1.98577 -133.439 0.136936 0.772697 0.935585 -0.349786 -0.048267
4.07014 0.377081 -140.087 0.111134 0.779262 0.927192 0.302134 0.221427
4.35109 -0.116937 -140.589 0.109169 0.781125 0.927192 0.302134 0.221427
4.14913 0.515763 -140.607 0.109197 0.779147 0.927192 0.302134 0.221427
4.19799 -0.023465 -140.076 0.111116 0.780514 0.927192 0.302134 0.221427
4.35109 -0.116937 -140.589 0.109169 0.781125 0.927192 0.302134 0.221427
4.07014 0.377081 -140.087 0.111134 0.779262 0.927192 0.302134 0.221427
4.87995 -2.63215 -140.726 0.10846 0.790448 0.259787 0.00422 -0.965657
5.42991 -3.43154 -140.581 0.109114 0.793711 0.259787 0.00422 -0.965657
4.93921 -3.63033 -140.714 0.108459 0.794294 0.259787 0.00422 -0.965657
5.39054 -2.76837 -140.589 0.109114 0.791155 0.259787 0.00422 -0.965657
5.42991 -3.43154 -140.581 0.109114 0.793711 0.259787 0.00422 -0.965657
4.87995 -2.63215 -140.726 0.10846 0.790448 0.259787 0.00422 -0.965657
4.87995 -2.63215 -140.726 0.10846 0.790448 0.257306 0.953848 -0.154814
5.90388 -1.70565 -133.316 0.137309 0.787316 0.257306 0.953848 -0.154814
5.39054 -2.76837 -140.589 0.109114 0.791155 0.257306 0.953848 -0.154814
5.42028 -1.5618 -133.106 0.137958 0.786592 0.257306 0.953848 -0.154814
5.90388 -1.70565 -133.316 0.137309 0.787316 0.257306 0.953848 -0.154814
4.87995 -2.63215 -140.726 0.10846 0.790448 0.257306 0.953848 -0.154814
5.5919 -4.4528 -133.072 0.138011 0.797882 0.406637 0.03473 0.912929
5.90388 -1.70565 -133.316 0.137309 0.787316 0.406637 0.03473 0.912929
5.42028 -1.5618 -133.106 0.137958 0.786592 0.406637 0.03473 0.912929
6.05538 -4.25765 -133.286 0.13728 0.796891 0.406637 0.03473 0.912929
5.90388 -1.70565 -133.316 0.137309 0.787316 0.406637 0.03473 0.912929
5.5919 -4.4528 -133.072 0.138011 0.797882 0.406637 0.03473 0.912929
4.93921 -3.63033 -140.714 0.108459 0.794294 0.368548 -0.920034 -0.133076
6.05538 -4.25765 -133.286 0.13728 0.796891 0.368548 -0.920034 -0.133076
5.5919 -4.4528 -133.072 0.138011 0.797882 0.368548 -0.920034 -0.133076
5.42991 -3.43154 -140.581 0.109114 0.793711 0.368548 -0.920034 -0.133076
6.05538 -4.25765 -133.286 0.13728 0.796891 0.368548 -0.920034 -0.133076
4.93921 -3.63033 -140.714 0.108459 0.794294 0.368548 -0.920034 -0.133076
5.23125 -2.89408 -140.084 0.111006 0.791585 0.995197 0.058166 -0.078738
5.79942 -3.88947 -133.638 0.135876 0.795568 0.995197 0.058166 -0.078738
5.25617 -3.31392 -140.079 0.111005 0.793203 0.995197 0.058166 -0.078738
5.69376 -2.10956 -133.659 0.135893 0.788788 0.995197 0.058166 -0.078738
5.79942 -3.88947 -133.638 0.135876 0.795568 0.995197 0.058166 -0.078738
5.23125 -2.89408 -140.084 0.111006 0.791585 0.995197 0.058166 -0.078738
5.42028 -1.5618 -133.106 0.137958 0.786592 -0.995197 -0.058166 0.078738
4.93921 -3.63033 -140.714 0.108459 0.794294 -0.995197 -0.058166 0.078738
5.5919 -4.4528 -133.072 0.138011 0.797882 -0.995197 -0.058166 0.078738
4.87995 -2.63215 -140.726 0.10846 0.790448 -0.995197 -0.058166 0.078738
4.93921 -3.63033 -140.714 0.108459 0.794294 -0.995197 -0.058166 0.078738
5.42028 -1.5618 -133.106 0.137958 0.786592 -0.995197 -0.058166 0.078738
5.25617 -3.31392 -140.079 0.111005 0.793203 0.749599 0.661882 0.003761
6.05538 -4.25765 -133.286 0.13728 0.796891 0.749599 0.661882 0.003761
5.42991 -3.43154 -140.581 0.109114 0.793711 0.749599 0.661882 0.003761
5.79942 -3.88947 -133.638 0.135876 0.795568 0.749599 0.661882 0.003761
6.05538 -4.25765 -133.286 0.13728 0.796891 0.749599 0.661882 0.003761
5.25617 -3.31392 -140.079 0.111005 0.793203 0.749599 0.661882 0.003761
5.79942 -3.88947 -133.638 0.135876 0.795568 0.828974 0.042743 -0.557651
5.90388 -1.70565 -133.316 0.137309 0.787316 0.828974 0.042743 -0.557651
6.05538 -4.25765 -133.286 0.13728 0.796891 0.828974 0.042743 -0.557651
5.69376 -2.10956 -133.659 0.135893 0.788788 0.828974 0.042743 -0.557651
5.90388 -1.70565 -133.316 0.137309 0.787316 0.828974 0.042743 -0.557651
5.79942 -3.88947 -133.638 0.135876 0.795568 0.828974 0.042743 -0.557651
5.90388 -1.70565 -133.316 0.137309 0.787316 0.822629 -0.568293 0.018031
5.23125 -2.89408 -140.084 0.111006 0.791585 0.822629 -0.568293 0.018031
5.39054 -2.76837 -140.589 0.109114 0.791155 0.822629 -0.568293 0.018031
5.69376 -2.10956 -133.659 0.135893 0.788788 0.822629 -0.568293 0.018031
5.23125 -2.89408 -140.084 0.111006 0.791585 0.822629 -0.568293 0.018031
5.90388 -1.70565 -133.316 0.137309 0.787316 0.822629 -0.568293 0.018031
5.23125 -2.89408 -140.084 0.111006 0.791585 0.947535 0.059894 0.31399
5.42991 -3.43154 -140.581 0.109114 0.793711 0.947535 0.059894 0.31399
5.39054 -2.76837 -140.589 0.109114 0.791155 0.947535 0.059894 0.31399
5.25617 -3.31392 -140.079 0.111005 0.793203 0.947535 0.059894 0.31399
5.42991 -3.43154 -140.581 0.109114 0.793711 0.947535 0.059894 0.31399
5.23125 -2.89408 -140.084 0.111006 0.791585 0.947535 0.059894 0.31399
