Vertex Count: 900

Data:

6.24325 31.6575 7.06915 0.329574 0.334731 0.882082 -0.369381 0.292384
5.74816 30.7079 6.56111 0.326338 0.340555 0.460873 -0.854216 0.240647
5.95734 30.8382 6.35034 0.324951 0.339801 0.729473 -0.683746 0.018987
5.88093 31.4318 7.43421 0.331975 0.336036 0.552092 -0.581983 0.597068
5.74816 30.7079 6.56111 0.326338 0.340555 0.460873 -0.854216 0.240647
6.24325 31.6575 7.06915 0.329574 0.334731 0.882082 -0.369381 0.292384
5.88093 31.4318 7.43421 0.331975 0.336036 0.552092 -0.581983 0.597068
5.46241 30.6466 6.63097 0.326832 0.340821 0.27263 -0.907913 0.318382
5.74816 30.7079 6.56111 0.326338 0.340555 0.460873 -0.854216 0.240647
5.386 31.3256 7.55521 0.332831 0.336497 0.309147 -0.652098 0.69224
5.46241 30.6466 6.63097 0.326832 0.340821 0.27263 -0.907913 0.318382
5.88093 31.4318 7.43421 0.331975 0.336036 0.552092 -0.581983 0.597068
5.46241 31.284 5.43949 0.319186 0.336648 0.272624 -0.238953 -0.931975
5.88093 32.388 5.64699 0.320507 0.329776 0.552094 0.173753 -0.815477
5.74816 31.2599 5.52925 0.319716 0.336941 0.460871 -0.273825 -0.844167
5.386 32.4297 5.4915 0.319589 0.329269 0.309147 0.214021 -0.926619
5.88093 32.388 5.64699 0.320507 0.329776 0.552094 0.173753 -0.815477
5.46241 31.284 5.43949 0.319186 0.336648 0.272624 -0.238953 -0.931975
5.74816 31.2599 5.52925 0.319716 0.336941 0.460871 -0.273825 -0.844167
6.24325 32.2095 6.03729 0.322953 0.331116 0.882083 0.03826 -0.469538
5.95734 31.1569 5.7546 0.321128 0.337714 0.729474 -0.363627 -0.579347
5.88093 32.388 5.64699 0.320507 0.329776 0.552094 0.173753 -0.815477
6.24325 32.2095 6.03729 0.322953 0.331116 0.882083 0.03826 -0.469538
5.74816 31.2599 5.52925 0.319716 0.336941 0.460871 -0.273825 -0.844167
5.95734 31.1569 5.7546 0.321128 0.337714 0.729474 -0.363627 -0.579347
6.37586 31.9421 6.55784 0.326272 0.33293 0.985144 -0.151421 -0.081013
6.03391 31.0025 6.05513 0.323045 0.338762 0.817736 -0.507521 -0.271533
6.24325 32.2095 6.03729 0.322953 0.331116 0.882083 0.03826 -0.469538
6.37586 31.9421 6.55784 0.326272 0.33293 0.985144 -0.151421 -0.081013
5.95734 31.1569 5.7546 0.321128 0.337714 0.729474 -0.363627 -0.579347
6.37586 31.9421 6.55784 0.326272 0.33293 0.985144 -0.151421 -0.081013
5.95734 30.8382 6.35034 0.324951 0.339801 0.729473 -0.683746 0.018987
6.03391 31.0025 6.05513 0.323045 0.338762 0.817736 -0.507521 -0.271533
6.24325 31.6575 7.06915 0.329574 0.334731 0.882082 -0.369381 0.292384
5.95734 30.8382 6.35034 0.324951 0.339801 0.729473 -0.683746 0.018987
6.37586 31.9421 6.55784 0.326272 0.33293 0.985144 -0.151421 -0.081013
6.27149 32.8697 7.82037 0.334467 0.327023 0.892131 -0.152759 0.425167
5.88093 31.4318 7.43421 0.331975 0.336036 0.552092 -0.581983 0.597068
6.24325 31.6575 7.06915 0.329574 0.334731 0.882082 -0.369381 0.292384
5.85313 32.6091 8.24191 0.33724 0.328531 0.552223 -0.356866 0.753456
5.88093 31.4318 7.43421 0.331975 0.336036 0.552092 -0.581983 0.597068
6.27149 32.8697 7.82037 0.334467 0.327023 0.892131 -0.152759 0.425167
5.85313 32.6091 8.24191 0.33724 0.328531 0.552223 -0.356866 0.753456
5.386 31.3256 7.55521 0.332831 0.336497 0.309147 -0.652098 0.69224
5.88093 31.4318 7.43421 0.331975 0.336036 0.552092 -0.581983 0.597068
5.28163 32.4865 8.38163 0.338229 0.329063 0.300425 -0.43027 0.851242
5.386 31.3256 7.55521 0.332831 0.336497 0.309147 -0.652098 0.69224
5.85313 32.6091 8.24191 0.33724 0.328531 0.552223 -0.356866 0.753456
5.386 32.4297 5.4915 0.319589 0.329269 0.309147 0.214021 -0.926619
5.85313 33.7132 6.17821 0.323997 0.321302 0.552224 0.428774 -0.714984
5.88093 32.388 5.64699 0.320507 0.329776 0.552094 0.173753 -0.815477
5.28163 33.7614 5.99867 0.322937 0.320716 0.300426 0.469391 -0.830311
5.85313 33.7132 6.17821 0.323997 0.321302 0.552224 0.428774 -0.714984
5.386 32.4297 5.4915 0.319589 0.329269 0.309147 0.214021 -0.926619
5.88093 32.388 5.64699 0.320507 0.329776 0.552094 0.173753 -0.815477
6.27149 33.5072 6.62889 0.326822 0.32285 0.892131 0.268931 -0.363013
6.24325 32.2095 6.03729 0.322953 0.331116 0.882083 0.03826 -0.469538
5.85313 33.7132 6.17821 0.323997 0.321302 0.552224 0.428774 -0.714984
6.27149 33.5072 6.62889 0.326822 0.32285 0.892131 0.268931 -0.363013
5.88093 32.388 5.64699 0.320507 0.329776 0.552094 0.173753 -0.815477
6.24325 32.2095 6.03729 0.322953 0.331116 0.882083 0.03826 -0.469538
6.42462 33.1984 7.22997 0.330654 0.324944 0.997285 0.064932 0.03474
6.37586 31.9421 6.55784 0.326272 0.33293 0.985144 -0.151421 -0.081013
6.27149 33.5072 6.62889 0.326822 0.32285 0.892131 0.268931 -0.363013
6.42462 33.1984 7.22997 0.330654 0.324944 0.997285 0.064932 0.03474
6.24325 32.2095 6.03729 0.322953 0.331116 0.882083 0.03826 -0.469538
6.42462 33.1984 7.22997 0.330654 0.324944 0.997285 0.064932 0.03474
6.24325 31.6575 7.06915 0.329574 0.334731 0.882082 -0.369381 0.292384
6.37586 31.9421 6.55784 0.326272 0.33293 0.985144 -0.151421 -0.081013
6.27149 32.8697 7.82037 0.334467 0.327023 0.892131 -0.152759 0.425167
6.24325 31.6575 7.06915 0.329574 0.334731 0.882082 -0.369381 0.292384
6.42462 33.1984 7.22997 0.330654 0.324944 0.997285 0.064932 0.03474
6.27149 32.8697 7.82037 0.334467 0.327023 0.892131 -0.152759 0.425167
5.67219 33.9244 8.7678 0.340721 0.32005 0.512103 -0.104465 0.852548
5.85313 32.6091 8.24191 0.33724 0.328531 0.552223 -0.356866 0.753456
6.0345 34.1501 8.40273 0.33832 0.318744 0.844937 0.074184 0.529697
5.67219 33.9244 8.7678 0.340721 0.32005 0.512103 -0.104465 0.852548
6.27149 32.8697 7.82037 0.334467 0.327023 0.892131 -0.152759 0.425167
5.85313 32.6091 8.24191 0.33724 0.328531 0.552223 -0.356866 0.753456
5.17726 33.8182 8.8888 0.341577 0.32051 0.269305 -0.176358 0.94677
5.28163 32.4865 8.38163 0.338229 0.329063 0.300425 -0.43027 0.851242
5.67219 33.9244 8.7678 0.340721 0.32005 0.512103 -0.104465 0.852548
5.17726 33.8182 8.8888 0.341577 0.32051 0.269305 -0.176358 0.94677
5.85313 32.6091 8.24191 0.33724 0.328531 0.552223 -0.356866 0.753456
5.17726 34.9223 6.8251 0.328334 0.313282 0.269304 0.68976 -0.672091
5.85313 33.7132 6.17821 0.323997 0.321302 0.552224 0.428774 -0.714984
5.28163 33.7614 5.99867 0.322937 0.320716 0.300426 0.469391 -0.830311
5.67219 34.8806 6.98058 0.329252 0.31379 0.512103 0.651271 -0.559998
5.85313 33.7132 6.17821 0.323997 0.321302 0.552224 0.428774 -0.714984
5.17726 34.9223 6.8251 0.328334 0.313282 0.269304 0.68976 -0.672091
5.67219 34.8806 6.98058 0.329252 0.31379 0.512103 0.651271 -0.559998
6.27149 33.5072 6.62889 0.326822 0.32285 0.892131 0.268931 -0.363013
5.85313 33.7132 6.17821 0.323997 0.321302 0.552224 0.428774 -0.714984
6.0345 34.7021 7.37088 0.331698 0.31513 0.844936 0.481824 -0.232224
6.27149 33.5072 6.62889 0.326822 0.32285 0.892131 0.268931 -0.363013
5.67219 34.8806 6.98058 0.329252 0.31379 0.512103 0.651271 -0.559998
6.0345 34.7021 7.37088 0.331698 0.31513 0.844936 0.481824 -0.232224
6.42462 33.1984 7.22997 0.330654 0.324944 0.997285 0.064932 0.03474
6.27149 33.5072 6.62889 0.326822 0.32285 0.892131 0.268931 -0.363013
6.16712 34.4347 7.89143 0.335017 0.316943 0.949235 0.277366 0.148395
6.42462 33.1984 7.22997 0.330654 0.324944 0.997285 0.064932 0.03474
6.0345 34.7021 7.37088 0.331698 0.31513 0.844936 0.481824 -0.232224
6.42462 33.1984 7.22997 0.330654 0.324944 0.997285 0.064932 0.03474
6.0345 34.1501 8.40273 0.33832 0.318744 0.844937 0.074184 0.529697
6.27149 32.8697 7.82037 0.334467 0.327023 0.892131 -0.152759 0.425167
6.16712 34.4347 7.89143 0.335017 0.316943 0.949235 0.277366 0.148395
6.0345 34.1501 8.40273 0.33832 0.318744 0.844937 0.074184 0.529697
6.42462 33.1984 7.22997 0.330654 0.324944 0.997285 0.064932 0.03474
6.0345 34.1501 8.40273 0.33832 0.318744 0.844937 0.074184 0.529697
5.3866 35.0252 8.87095 0.341485 0.312865 0.36192 0.327393 0.872827
5.67219 33.9244 8.7678 0.340721 0.32005 0.512103 -0.104465 0.852548
5.59578 35.1555 8.66019 0.340099 0.312111 0.634324 0.452422 0.626855
5.3866 35.0252 8.87095 0.341485 0.312865 0.36192 0.327393 0.872827
6.0345 34.1501 8.40273 0.33832 0.318744 0.844937 0.074184 0.529697
5.67219 33.9244 8.7678 0.340721 0.32005 0.512103 -0.104465 0.852548
5.10085 34.9639 8.94082 0.34198 0.313131 0.174156 0.268041 0.947536
5.17726 33.8182 8.8888 0.341577 0.32051 0.269305 -0.176358 0.94677
5.3866 35.0252 8.87095 0.341485 0.312865 0.36192 0.327393 0.872827
5.10085 34.9639 8.94082 0.34198 0.313131 0.174156 0.268041 0.947536
5.67219 33.9244 8.7678 0.340721 0.32005 0.512103 -0.104465 0.852548
5.10085 35.6014 7.74933 0.334334 0.308958 0.17415 0.937002 -0.302817
5.67219 34.8806 6.98058 0.329252 0.31379 0.512103 0.651271 -0.559998
5.17726 34.9223 6.8251 0.328334 0.313282 0.269304 0.68976 -0.672091
5.3866 35.5773 7.8391 0.334864 0.309251 0.361918 0.907787 -0.211986
5.67219 34.8806 6.98058 0.329252 0.31379 0.512103 0.651271 -0.559998
5.10085 35.6014 7.74933 0.334334 0.308958 0.17415 0.937002 -0.302817
5.3866 35.5773 7.8391 0.334864 0.309251 0.361918 0.907787 -0.211986
6.0345 34.7021 7.37088 0.331698 0.31513 0.844936 0.481824 -0.232224
5.67219 34.8806 6.98058 0.329252 0.31379 0.512103 0.651271 -0.559998
5.59578 35.4742 8.06445 0.336276 0.310025 0.634325 0.77254 0.02852
6.0345 34.7021 7.37088 0.331698 0.31513 0.844936 0.481824 -0.232224
5.3866 35.5773 7.8391 0.334864 0.309251 0.361918 0.907787 -0.211986
5.59578 35.4742 8.06445 0.336276 0.310025 0.634325 0.77254 0.02852
6.16712 34.4347 7.89143 0.335017 0.316943 0.949235 0.277366 0.148395
6.0345 34.7021 7.37088 0.331698 0.31513 0.844936 0.481824 -0.232224
5.67235 35.3199 8.36498 0.338192 0.311072 0.724323 0.607922 0.325249
6.16712 34.4347 7.89143 0.335017 0.316943 0.949235 0.277366 0.148395
5.59578 35.4742 8.06445 0.336276 0.310025 0.634325 0.77254 0.02852
6.16712 34.4347 7.89143 0.335017 0.316943 0.949235 0.277366 0.148395
5.59578 35.1555 8.66019 0.340099 0.312111 0.634324 0.452422 0.626855
6.0345 34.1501 8.40273 0.33832 0.318744 0.844937 0.074184 0.529697
5.67235 35.3199 8.36498 0.338192 0.311072 0.724323 0.607922 0.325249
5.59578 35.1555 8.66019 0.340099 0.312111 0.634324 0.452422 0.626855
6.16712 34.4347 7.89143 0.335017 0.316943 0.949235 0.277366 0.148395
5.49037 30.6314 5.85656 0.321837 0.340876 0.467941 -0.779243 -0.416908
5.95734 30.8382 6.35034 0.324951 0.339801 0.729473 -0.683746 0.018987
5.74816 30.7079 6.56111 0.326338 0.340555 0.460873 -0.854216 0.240647
5.49037 30.6314 5.85656 0.321837 0.340876 0.467941 -0.779243 -0.416908
5.74816 30.7079 6.56111 0.326338 0.340555 0.460873 -0.854216 0.240647
5.46241 30.6466 6.63097 0.326832 0.340821 0.27263 -0.907913 0.318382
5.49037 30.6314 5.85656 0.321837 0.340876 0.467941 -0.779243 -0.416908
5.46241 31.284 5.43949 0.319186 0.336648 0.272624 -0.238953 -0.931975
5.74816 31.2599 5.52925 0.319716 0.336941 0.460871 -0.273825 -0.844167
5.49037 30.6314 5.85656 0.321837 0.340876 0.467941 -0.779243 -0.416908
5.74816 31.2599 5.52925 0.319716 0.336941 0.460871 -0.273825 -0.844167
5.95734 31.1569 5.7546 0.321128 0.337714 0.729474 -0.363627 -0.579347
5.49037 30.6314 5.85656 0.321837 0.340876 0.467941 -0.779243 -0.416908
5.95734 31.1569 5.7546 0.321128 0.337714 0.729474 -0.363627 -0.579347
6.03391 31.0025 6.05513 0.323045 0.338762 0.817736 -0.507521 -0.271533
5.49037 30.6314 5.85656 0.321837 0.340876 0.467941 -0.779243 -0.416908
6.03391 31.0025 6.05513 0.323045 0.338762 0.817736 -0.507521 -0.271533
5.95734 30.8382 6.35034 0.324951 0.339801 0.729473 -0.683746 0.018987
5.07288 35.6166 8.52374 0.339328 0.308903 0.33306 0.831393 0.44481
5.3866 35.0252 8.87095 0.341485 0.312865 0.36192 0.327393 0.872827
5.59578 35.1555 8.66019 0.340099 0.312111 0.634324 0.452422 0.626855
5.07288 35.6166 8.52374 0.339328 0.308903 0.33306 0.831393 0.44481
5.10085 34.9639 8.94082 0.34198 0.313131 0.174156 0.268041 0.947536
5.3866 35.0252 8.87095 0.341485 0.312865 0.36192 0.327393 0.872827
5.07288 35.6166 8.52374 0.339328 0.308903 0.33306 0.831393 0.44481
5.3866 35.5773 7.8391 0.334864 0.309251 0.361918 0.907787 -0.211986
5.10085 35.6014 7.74933 0.334334 0.308958 0.17415 0.937002 -0.302817
5.07288 35.6166 8.52374 0.339328 0.308903 0.33306 0.831393 0.44481
5.59578 35.4742 8.06445 0.336276 0.310025 0.634325 0.77254 0.02852
5.3866 35.5773 7.8391 0.334864 0.309251 0.361918 0.907787 -0.211986
5.07288 35.6166 8.52374 0.339328 0.308903 0.33306 0.831393 0.44481
5.67235 35.3199 8.36498 0.338192 0.311072 0.724323 0.607922 0.325249
5.59578 35.4742 8.06445 0.336276 0.310025 0.634325 0.77254 0.02852
5.07288 35.6166 8.52374 0.339328 0.308903 0.33306 0.831393 0.44481
5.59578 35.1555 8.66019 0.340099 0.312111 0.634324 0.452422 0.626855
5.67235 35.3199 8.36498 0.338192 0.311072 0.724323 0.607922 0.325249
-5.74865 30.7079 6.56111 0.326338 0.340555 -0.460875 -0.854214 0.240649
-6.24374 31.6575 7.06915 0.329574 0.334731 -0.882083 -0.36938 0.292384
-5.95783 30.8382 6.35035 0.324951 0.339801 -0.729473 -0.683746 0.018991
-5.88142 31.4318 7.43421 0.331975 0.336036 -0.552092 -0.581983 0.597068
-6.24374 31.6575 7.06915 0.329574 0.334731 -0.882083 -0.36938 0.292384
-5.74865 30.7079 6.56111 0.326338 0.340555 -0.460875 -0.854214 0.240649
-5.4629 30.6466 6.63097 0.326832 0.340821 -0.272634 -0.907911 0.318383
-5.88142 31.4318 7.43421 0.331975 0.336036 -0.552092 -0.581983 0.597068
-5.74865 30.7079 6.56111 0.326338 0.340555 -0.460875 -0.854214 0.240649
-5.38649 31.3256 7.55521 0.332831 0.336497 -0.309143 -0.652098 0.692242
-5.88142 31.4318 7.43421 0.331975 0.336036 -0.552092 -0.581983 0.597068
-5.4629 30.6466 6.63097 0.326832 0.340821 -0.272634 -0.907911 0.318383
-5.4629 31.284 5.43949 0.319186 0.336648 -0.272628 -0.238951 -0.931974
-5.88142 32.388 5.64699 0.320507 0.329776 -0.552093 0.173753 -0.815477
-5.38649 32.4297 5.4915 0.319589 0.329269 -0.309143 0.214021 -0.926621
-5.74865 31.2599 5.52925 0.319716 0.336941 -0.460876 -0.273823 -0.844165
-5.88142 32.388 5.64699 0.320507 0.329776 -0.552093 0.173753 -0.815477
-5.4629 31.284 5.43949 0.319186 0.336648 -0.272628 -0.238951 -0.931974
-5.74865 31.2599 5.52925 0.319716 0.336941 -0.460876 -0.273823 -0.844165
-6.24374 32.2095 6.03729 0.322953 0.331116 -0.882084 0.03826 -0.469536
-5.88142 32.388 5.64699 0.320507 0.329776 -0.552093 0.173753 -0.815477
-5.95783 31.1569 5.7546 0.321128 0.337714 -0.729476 -0.363626 -0.579345
-6.24374 32.2095 6.03729 0.322953 0.331116 -0.882084 0.03826 -0.469536
-5.74865 31.2599 5.52925 0.319716 0.336941 -0.460876 -0.273823 -0.844165
-5.95783 31.1569 5.7546 0.321128 0.337714 -0.729476 -0.363626 -0.579345
-6.37636 31.9421 6.55784 0.326272 0.33293 -0.985144 -0.15142 -0.081012
-6.24374 32.2095 6.03729 0.322953 0.331116 -0.882084 0.03826 -0.469536
-6.0344 31.0025 6.05513 0.323045 0.338762 -0.817736 -0.507522 -0.27153
-6.37636 31.9421 6.55784 0.326272 0.33293 -0.985144 -0.15142 -0.081012
-5.95783 31.1569 5.7546 0.321128 0.337714 -0.729476 -0.363626 -0.579345
-5.95783 30.8382 6.35035 0.324951 0.339801 -0.729473 -0.683746 0.018991
-6.37636 31.9421 6.55784 0.326272 0.33293 -0.985144 -0.15142 -0.081012
-6.0344 31.0025 6.05513 0.323045 0.338762 -0.817736 -0.507522 -0.27153
-6.24374 31.6575 7.06915 0.329574 0.334731 -0.882083 -0.36938 0.292384
-6.37636 31.9421 6.55784 0.326272 0.33293 -0.985144 -0.15142 -0.081012
-5.95783 30.8382 6.35035 0.324951 0.339801 -0.729473 -0.683746 0.018991
-5.88142 31.4318 7.43421 0.331975 0.336036 -0.552092 -0.581983 0.597068
-6.27198 32.8697 7.82037 0.334467 0.327023 -0.892132 -0.152758 0.425165
-6.24374 31.6575 7.06915 0.329574 0.334731 -0.882083 -0.36938 0.292384
-5.85362 32.6091 8.24192 0.33724 0.328531 -0.552223 -0.356866 0.753456
-6.27198 32.8697 7.82037 0.334467 0.327023 -0.892132 -0.152758 0.425165
-5.88142 31.4318 7.43421 0.331975 0.336036 -0.552092 -0.581983 0.597068
-5.38649 31.3256 7.55521 0.332831 0.336497 -0.309143 -0.652098 0.692242
-5.85362 32.6091 8.24192 0.33724 0.328531 -0.552223 -0.356866 0.753456
-5.88142 31.4318 7.43421 0.331975 0.336036 -0.552092 -0.581983 0.597068
-5.28212 32.4865 8.38163 0.338229 0.329063 -0.300421 -0.430271 0.851243
-5.85362 32.6091 8.24192 0.33724 0.328531 -0.552223 -0.356866 0.753456
-5.38649 31.3256 7.55521 0.332831 0.336497 -0.309143 -0.652098 0.692242
-5.38649 32.4297 5.4915 0.319589 0.329269 -0.309143 0.214021 -0.926621
-5.85362 33.7132 6.17821 0.323997 0.321302 -0.552223 0.428774 -0.714984
-5.28212 33.7614 5.99867 0.322937 0.320716 -0.300423 0.46939 -0.830313
-5.88142 32.388 5.64699 0.320507 0.329776 -0.552093 0.173753 -0.815477
-5.85362 33.7132 6.17821 0.323997 0.321302 -0.552223 0.428774 -0.714984
-5.38649 32.4297 5.4915 0.319589 0.329269 -0.309143 0.214021 -0.926621
-5.88142 32.388 5.64699 0.320507 0.329776 -0.552093 0.173753 -0.815477
-6.27198 33.5072 6.62889 0.326822 0.32285 -0.892131 0.26893 -0.363013
-5.85362 33.7132 6.17821 0.323997 0.321302 -0.552223 0.428774 -0.714984
-6.24374 32.2095 6.03729 0.322953 0.331116 -0.882084 0.03826 -0.469536
-6.27198 33.5072 6.62889 0.326822 0.32285 -0.892131 0.26893 -0.363013
-5.88142 32.388 5.64699 0.320507 0.329776 -0.552093 0.173753 -0.815477
-6.24374 32.2095 6.03729 0.322953 0.331116 -0.882084 0.03826 -0.469536
-6.42512 33.1984 7.22997 0.330654 0.324944 -0.997285 0.064931 0.03474
-6.27198 33.5072 6.62889 0.326822 0.32285 -0.892131 0.26893 -0.363013
-6.37636 31.9421 6.55784 0.326272 0.33293 -0.985144 -0.15142 -0.081012
-6.42512 33.1984 7.22997 0.330654 0.324944 -0.997285 0.064931 0.03474
-6.24374 32.2095 6.03729 0.322953 0.331116 -0.882084 0.03826 -0.469536
-6.24374 31.6575 7.06915 0.329574 0.334731 -0.882083 -0.36938 0.292384
-6.42512 33.1984 7.22997 0.330654 0.324944 -0.997285 0.064931 0.03474
-6.37636 31.9421 6.55784 0.326272 0.33293 -0.985144 -0.15142 -0.081012
-6.27198 32.8697 7.82037 0.334467 0.327023 -0.892132 -0.152758 0.425165
-6.42512 33.1984 7.22997 0.330654 0.324944 -0.997285 0.064931 0.03474
-6.24374 31.6575 7.06915 0.329574 0.334731 -0.882083 -0.36938 0.292384
-6.27198 32.8697 7.82037 0.334467 0.327023 -0.892132 -0.152758 0.425165
-5.67268 33.9244 8.7678 0.340721 0.32005 -0.512105 -0.104465 0.852547
-6.035 34.1501 8.40273 0.33832 0.318744 -0.844939 0.074184 0.529694
-5.85362 32.6091 8.24192 0.33724 0.328531 -0.552223 -0.356866 0.753456
-5.67268 33.9244 8.7678 0.340721 0.32005 -0.512105 -0.104465 0.852547
-6.27198 32.8697 7.82037 0.334467 0.327023 -0.892132 -0.152758 0.425165
-5.85362 32.6091 8.24192 0.33724 0.328531 -0.552223 -0.356866 0.753456
-5.17775 33.8182 8.8888 0.341577 0.32051 -0.269301 -0.176359 0.946771
-5.67268 33.9244 8.7678 0.340721 0.32005 -0.512105 -0.104465 0.852547
-5.28212 32.4865 8.38163 0.338229 0.329063 -0.300421 -0.430271 0.851243
-5.17775 33.8182 8.8888 0.341577 0.32051 -0.269301 -0.176359 0.946771
-5.85362 32.6091 8.24192 0.33724 0.328531 -0.552223 -0.356866 0.753456
-5.85362 33.7132 6.17821 0.323997 0.321302 -0.552223 0.428774 -0.714984
-5.17775 34.9223 6.8251 0.328334 0.313282 -0.2693 0.689761 -0.672092
-5.28212 33.7614 5.99867 0.322937 0.320716 -0.300423 0.46939 -0.830313
-5.67268 34.8806 6.98058 0.329252 0.31379 -0.512101 0.651271 -0.559998
-5.17775 34.9223 6.8251 0.328334 0.313282 -0.2693 0.689761 -0.672092
-5.85362 33.7132 6.17821 0.323997 0.321302 -0.552223 0.428774 -0.714984
-6.27198 33.5072 6.62889 0.326822 0.32285 -0.892131 0.26893 -0.363013
-5.67268 34.8806 6.98058 0.329252 0.31379 -0.512101 0.651271 -0.559998
-5.85362 33.7132 6.17821 0.323997 0.321302 -0.552223 0.428774 -0.714984
-6.035 34.7021 7.37088 0.331698 0.31513 -0.844937 0.481824 -0.232222
-5.67268 34.8806 6.98058 0.329252 0.31379 -0.512101 0.651271 -0.559998
-6.27198 33.5072 6.62889 0.326822 0.32285 -0.892131 0.26893 -0.363013
-6.42512 33.1984 7.22997 0.330654 0.324944 -0.997285 0.064931 0.03474
-6.035 34.7021 7.37088 0.331698 0.31513 -0.844937 0.481824 -0.232222
-6.27198 33.5072 6.62889 0.326822 0.32285 -0.892131 0.26893 -0.363013
-6.16761 34.4347 7.89143 0.335017 0.316943 -0.949235 0.277365 0.148397
-6.035 34.7021 7.37088 0.331698 0.31513 -0.844937 0.481824 -0.232222
-6.42512 33.1984 7.22997 0.330654 0.324944 -0.997285 0.064931 0.03474
-6.42512 33.1984 7.22997 0.330654 0.324944 -0.997285 0.064931 0.03474
-6.035 34.1501 8.40273 0.33832 0.318744 -0.844939 0.074184 0.529694
-6.16761 34.4347 7.89143 0.335017 0.316943 -0.949235 0.277365 0.148397
-6.27198 32.8697 7.82037 0.334467 0.327023 -0.892132 -0.152758 0.425165
-6.035 34.1501 8.40273 0.33832 0.318744 -0.844939 0.074184 0.529694
-6.42512 33.1984 7.22997 0.330654 0.324944 -0.997285 0.064931 0.03474
-6.035 34.1501 8.40273 0.33832 0.318744 -0.844939 0.074184 0.529694
-5.38709 35.0252 8.87096 0.341485 0.312865 -0.361918 0.327395 0.872827
-5.59627 35.1555 8.66019 0.340099 0.312111 -0.634328 0.452422 0.626851
-5.67268 33.9244 8.7678 0.340721 0.32005 -0.512105 -0.104465 0.852547
-5.38709 35.0252 8.87096 0.341485 0.312865 -0.361918 0.327395 0.872827
-6.035 34.1501 8.40273 0.33832 0.318744 -0.844939 0.074184 0.529694
-5.67268 33.9244 8.7678 0.340721 0.32005 -0.512105 -0.104465 0.852547
-5.10134 34.9639 8.94082 0.34198 0.313131 -0.174144 0.268041 0.947538
-5.38709 35.0252 8.87096 0.341485 0.312865 -0.361918 0.327395 0.872827
-5.17775 33.8182 8.8888 0.341577 0.32051 -0.269301 -0.176359 0.946771
-5.10134 34.9639 8.94082 0.34198 0.313131 -0.174144 0.268041 0.947538
-5.67268 33.9244 8.7678 0.340721 0.32005 -0.512105 -0.104465 0.852547
-5.67268 34.8806 6.98058 0.329252 0.31379 -0.512101 0.651271 -0.559998
-5.10134 35.6014 7.74933 0.334334 0.308958 -0.174143 0.937003 -0.302819
-5.17775 34.9223 6.8251 0.328334 0.313282 -0.2693 0.689761 -0.672092
-5.38709 35.5773 7.8391 0.334864 0.309251 -0.361913 0.907789 -0.211987
-5.10134 35.6014 7.74933 0.334334 0.308958 -0.174143 0.937003 -0.302819
-5.67268 34.8806 6.98058 0.329252 0.31379 -0.512101 0.651271 -0.559998
-6.035 34.7021 7.37088 0.331698 0.31513 -0.844937 0.481824 -0.232222
-5.38709 35.5773 7.8391 0.334864 0.309251 -0.361913 0.907789 -0.211987
-5.67268 34.8806 6.98058 0.329252 0.31379 -0.512101 0.651271 -0.559998
-5.59627 35.4742 8.06445 0.336276 0.310025 -0.634324 0.772541 0.028523
-5.38709 35.5773 7.8391 0.334864 0.309251 -0.361913 0.907789 -0.211987
-6.035 34.7021 7.37088 0.331698 0.31513 -0.844937 0.481824 -0.232222
-6.16761 34.4347 7.89143 0.335017 0.316943 -0.949235 0.277365 0.148397
-5.59627 35.4742 8.06445 0.336276 0.310025 -0.634324 0.772541 0.028523
-6.035 34.7021 7.37088 0.331698 0.31513 -0.844937 0.481824 -0.232222
-5.67284 35.3199 8.36498 0.338192 0.311072 -0.724324 0.60792 0.325251
-5.59627 35.4742 8.06445 0.336276 0.310025 -0.634324 0.772541 0.028523
-6.16761 34.4347 7.89143 0.335017 0.316943 -0.949235 0.277365 0.148397
-6.16761 34.4347 7.89143 0.335017 0.316943 -0.949235 0.277365 0.148397
-5.59627 35.1555 8.66019 0.340099 0.312111 -0.634328 0.452422 0.626851
-5.67284 35.3199 8.36498 0.338192 0.311072 -0.724324 0.60792 0.325251
-6.035 34.1501 8.40273 0.33832 0.318744 -0.844939 0.074184 0.529694
-5.59627 35.1555 8.66019 0.340099 0.312111 -0.634328 0.452422 0.626851
-6.16761 34.4347 7.89143 0.335017 0.316943 -0.949235 0.277365 0.148397
-5.95783 30.8382 6.35035 0.324951 0.339801 -0.729473 -0.683746 0.018991
-5.49087 30.6314 5.85656 0.321837 0.340876 -0.467945 -0.779242 -0.416904
-5.74865 30.7079 6.56111 0.326338 0.340555 -0.460875 -0.854214 0.240649
-5.74865 30.7079 6.56111 0.326338 0.340555 -0.460875 -0.854214 0.240649
-5.49087 30.6314 5.85656 0.321837 0.340876 -0.467945 -0.779242 -0.416904
-5.4629 30.6466 6.63097 0.326832 0.340821 -0.272634 -0.907911 0.318383
-5.4629 31.284 5.43949 0.319186 0.336648 -0.272628 -0.238951 -0.931974
-5.49087 30.6314 5.85656 0.321837 0.340876 -0.467945 -0.779242 -0.416904
-5.74865 31.2599 5.52925 0.319716 0.336941 -0.460876 -0.273823 -0.844165
-5.74865 31.2599 5.52925 0.319716 0.336941 -0.460876 -0.273823 -0.844165
-5.49087 30.6314 5.85656 0.321837 0.340876 -0.467945 -0.779242 -0.416904
-5.95783 31.1569 5.7546 0.321128 0.337714 -0.729476 -0.363626 -0.579345
-5.95783 31.1569 5.7546 0.321128 0.337714 -0.729476 -0.363626 -0.579345
-5.49087 30.6314 5.85656 0.321837 0.340876 -0.467945 -0.779242 -0.416904
-6.0344 31.0025 6.05513 0.323045 0.338762 -0.817736 -0.507522 -0.27153
-6.0344 31.0025 6.05513 0.323045 0.338762 -0.817736 -0.507522 -0.27153
-5.49087 30.6314 5.85656 0.321837 0.340876 -0.467945 -0.779242 -0.416904
-5.95783 30.8382 6.35035 0.324951 0.339801 -0.729473 -0.683746 0.018991
-5.38709 35.0252 8.87096 0.341485 0.312865 -0.361918 0.327395 0.872827
-5.07338 35.6166 8.52375 0.339329 0.308903 -0.333057 0.831395 0.44481
-5.59627 35.1555 8.66019 0.340099 0.312111 -0.634328 0.452422 0.626851
-5.10134 34.9639 8.94082 0.34198 0.313131 -0.174144 0.268041 0.947538
-5.07338 35.6166 8.52375 0.339329 0.308903 -0.333057 0.831395 0.44481
-5.38709 35.0252 8.87096 0.341485 0.312865 -0.361918 0.327395 0.872827
-5.38709 35.5773 7.8391 0.334864 0.309251 -0.361913 0.907789 -0.211987
-5.07338 35.6166 8.52375 0.339329 0.308903 -0.333057 0.831395 0.44481
-5.10134 35.6014 7.74933 0.334334 0.308958 -0.174143 0.937003 -0.302819
-5.59627 35.4742 8.06445 0.336276 0.310025 -0.634324 0.772541 0.028523
-5.07338 35.6166 8.52375 0.339329 0.308903 -0.333057 0.831395 0.44481
-5.38709 35.5773 7.8391 0.334864 0.309251 -0.361913 0.907789 -0.211987
-5.67284 35.3199 8.36498 0.338192 0.311072 -0.724324 0.60792 0.325251
-5.07338 35.6166 8.52375 0.339329 0.308903 -0.333057 0.831395 0.44481
-5.59627 35.4742 8.06445 0.336276 0.310025 -0.634324 0.772541 0.028523
-5.59627 35.1555 8.66019 0.340099 0.312111 -0.634328 0.452422 0.626851
-5.07338 35.6166 8.52375 0.339329 0.308903 -0.333057 0.831395 0.44481
-5.67284 35.3199 8.36498 0.338192 0.311072 -0.724324 0.60792 0.325251
-0.000246 33.8888 11.8443 0.414409 0.092697 0 -0.009286 -0.999957
5.077 33.5759 11.8472 0.493244 0.097557 0.401575 -0.008504 -0.915787
-0.000246 33.5759 11.8472 0.414409 0.097557 0 -0.009286 -0.999957
5.077 33.8888 11.8443 0.493244 0.092697 0.401575 -0.008504 -0.915787
5.077 33.5759 11.8472 0.493244 0.097557 0.401575 -0.008504 -0.915787
-0.000246 33.8888 11.8443 0.414409 0.092697 0 -0.009286 -0.999957
-0.000246 33.8888 11.8443 0.414598 0.089609 0 0.999957 -0.009286
4.99049 33.9493 18.3607 0.474968 0.010772 0 0.999957 -0.009286
5.077 33.8888 11.8443 0.476014 0.089609 0 0.999957 -0.009286
-0.000246 33.9493 18.3606 0.414598 0.010772 0 0.999957 -0.009286
4.99049 33.9493 18.3607 0.474968 0.010772 0 0.999957 -0.009286
-0.000246 33.8888 11.8443 0.414598 0.089609 0 0.999957 -0.009286
-0.000246 33.6364 18.3636 0.414409 0.097557 -1e-06 0.009292 0.999957
4.99049 33.9493 18.3607 0.4919 0.092697 0.343461 0.008724 0.939126
-0.000246 33.9493 18.3606 0.414409 0.092697 -1e-06 0.009292 0.999957
4.99049 33.6364 18.3636 0.4919 0.097557 0.343461 0.008724 0.939126
4.99049 33.9493 18.3607 0.4919 0.092697 0.343461 0.008724 0.939126
-0.000246 33.6364 18.3636 0.414409 0.097557 -1e-06 0.009292 0.999957
-0.000246 33.5759 11.8472 0.414598 0.089609 0 -0.999957 0.009286
4.99049 33.6364 18.3636 0.474968 0.010772 0 -0.999957 0.009286
-0.000246 33.6364 18.3636 0.414598 0.010772 0 -0.999957 0.009286
5.077 33.5759 11.8472 0.476014 0.089609 0 -0.999957 0.009286
4.99049 33.6364 18.3636 0.474968 0.010772 0 -0.999957 0.009286
-0.000246 33.5759 11.8472 0.414598 0.089609 0 -0.999957 0.009286
6.13493 33.8995 12.9929 0.491451 0.075806 0.931543 -0.003377 -0.363614
6.13493 33.6274 17.3973 0.495237 0.022556 0.906955 0.003912 0.42121
6.13493 33.5866 12.9958 0.495237 0.075806 0.931543 -0.003377 -0.363614
6.13493 33.9403 17.3944 0.491451 0.022556 0.906955 0.003912 0.42121
6.13493 33.6274 17.3973 0.495237 0.022556 0.906955 0.003912 0.42121
6.13493 33.8995 12.9929 0.491451 0.075806 0.931543 -0.003377 -0.363614
6.13493 33.8995 12.9929 0.491451 0.075806 0.931543 -0.003377 -0.363614
5.077 33.5759 11.8472 0.495237 0.089702 0.401575 -0.008504 -0.915787
5.077 33.8888 11.8443 0.491451 0.089702 0.401575 -0.008504 -0.915787
6.13493 33.5866 12.9958 0.495237 0.075806 0.931543 -0.003377 -0.363614
5.077 33.5759 11.8472 0.495237 0.089702 0.401575 -0.008504 -0.915787
6.13493 33.8995 12.9929 0.491451 0.075806 0.931543 -0.003377 -0.363614
4.99049 33.9493 18.3607 0.474968 0.010772 0 0.999957 -0.009286
6.13493 33.8995 12.9929 0.488813 0.075712 0 0.999957 -0.009286
5.077 33.8888 11.8443 0.476014 0.089609 0 0.999957 -0.009286
6.13493 33.9403 17.3944 0.488813 0.022462 0 0.999957 -0.009286
6.13493 33.8995 12.9929 0.488813 0.075712 0 0.999957 -0.009286
4.99049 33.9493 18.3607 0.474968 0.010772 0 0.999957 -0.009286
6.13493 33.6274 17.3973 0.495237 0.022556 0.906955 0.003912 0.42121
4.99049 33.9493 18.3607 0.491451 0.010867 0.343461 0.008724 0.939126
4.99049 33.6364 18.3636 0.495237 0.010867 0.343461 0.008724 0.939126
6.13493 33.9403 17.3944 0.491451 0.022556 0.906955 0.003912 0.42121
4.99049 33.9493 18.3607 0.491451 0.010867 0.343461 0.008724 0.939126
6.13493 33.6274 17.3973 0.495237 0.022556 0.906955 0.003912 0.42121
6.13493 33.5866 12.9958 0.488813 0.075712 0 -0.999957 0.009286
4.99049 33.6364 18.3636 0.474968 0.010772 0 -0.999957 0.009286
5.077 33.5759 11.8472 0.476014 0.089609 0 -0.999957 0.009286
6.13493 33.6274 17.3973 0.488813 0.022462 0 -0.999957 0.009286
4.99049 33.6364 18.3636 0.474968 0.010772 0 -0.999957 0.009286
6.13493 33.5866 12.9958 0.488813 0.075712 0 -0.999957 0.009286
-5.07749 33.5759 11.8472 0.493244 0.097557 -0.401576 -0.00851 -0.915786
-0.000246 33.8888 11.8443 0.414409 0.092697 0 -0.009292 -0.999957
-0.000246 33.5759 11.8472 0.414409 0.097557 0 -0.009292 -0.999957
-5.07749 33.8888 11.8443 0.493244 0.092697 -0.401576 -0.00851 -0.915786
-0.000246 33.8888 11.8443 0.414409 0.092697 0 -0.009292 -0.999957
-5.07749 33.5759 11.8472 0.493244 0.097557 -0.401576 -0.00851 -0.915786
-0.000246 33.8888 11.8443 0.414598 0.089609 0 0.999957 -0.009286
-4.99098 33.9493 18.3607 0.474968 0.010772 0 0.999957 -0.009286
-0.000246 33.9493 18.3606 0.414598 0.010772 0 0.999957 -0.009286
-5.07749 33.8888 11.8443 0.476014 0.089609 0 0.999957 -0.009286
-4.99098 33.9493 18.3607 0.474968 0.010772 0 0.999957 -0.009286
-0.000246 33.8888 11.8443 0.414598 0.089609 0 0.999957 -0.009286
-4.99098 33.9493 18.3607 0.4919 0.092697 -0.34346 0.00873 0.939127
-0.000246 33.6364 18.3636 0.414409 0.097557 1e-06 0.009298 0.999957
-0.000246 33.9493 18.3606 0.414409 0.092697 1e-06 0.009298 0.999957
-4.99098 33.6364 18.3636 0.4919 0.097557 -0.34346 0.00873 0.939127
-0.000246 33.6364 18.3636 0.414409 0.097557 1e-06 0.009298 0.999957
-4.99098 33.9493 18.3607 0.4919 0.092697 -0.34346 0.00873 0.939127
-4.99098 33.6364 18.3636 0.474968 0.010772 0 -0.999957 0.009286
-0.000246 33.5759 11.8472 0.414598 0.089609 0 -0.999957 0.009286
-0.000246 33.6364 18.3636 0.414598 0.010772 0 -0.999957 0.009286
-5.07749 33.5759 11.8472 0.476014 0.089609 0 -0.999957 0.009286
-0.000246 33.5759 11.8472 0.414598 0.089609 0 -0.999957 0.009286
-4.99098 33.6364 18.3636 0.474968 0.010772 0 -0.999957 0.009286
-6.13543 33.6274 17.3973 0.495237 0.022556 -0.906955 0.003914 0.42121
-6.13543 33.8995 12.9929 0.491451 0.075806 -0.931543 -0.00338 -0.363614
-6.13543 33.5866 12.9958 0.495237 0.075806 -0.931543 -0.00338 -0.363614
-6.13543 33.9403 17.3944 0.491451 0.022556 -0.906955 0.003914 0.42121
-6.13543 33.8995 12.9929 0.491451 0.075806 -0.931543 -0.00338 -0.363614
-6.13543 33.6274 17.3973 0.495237 0.022556 -0.906955 0.003914 0.42121
-5.07749 33.5759 11.8472 0.495237 0.089702 -0.401576 -0.00851 -0.915786
-6.13543 33.8995 12.9929 0.491451 0.075806 -0.931543 -0.00338 -0.363614
-5.07749 33.8888 11.8443 0.491451 0.089702 -0.401576 -0.00851 -0.915786
-6.13543 33.5866 12.9958 0.495237 0.075806 -0.931543 -0.00338 -0.363614
-6.13543 33.8995 12.9929 0.491451 0.075806 -0.931543 -0.00338 -0.363614
-5.07749 33.5759 11.8472 0.495237 0.089702 -0.401576 -0.00851 -0.915786
-4.99098 33.9493 18.3607 0.474968 0.010772 0 0.999957 -0.009286
-6.13543 33.8995 12.9929 0.488813 0.075712 0 0.999957 -0.009286
-6.13543 33.9403 17.3944 0.488813 0.022462 0 0.999957 -0.009286
-5.07749 33.8888 11.8443 0.476014 0.089609 0 0.999957 -0.009286
-6.13543 33.8995 12.9929 0.488813 0.075712 0 0.999957 -0.009286
-4.99098 33.9493 18.3607 0.474968 0.010772 0 0.999957 -0.009286
-4.99098 33.9493 18.3607 0.491451 0.010867 -0.34346 0.00873 0.939127
-6.13543 33.6274 17.3973 0.495237 0.022556 -0.906955 0.003914 0.42121
-4.99098 33.6364 18.3636 0.495237 0.010867 -0.34346 0.00873 0.939127
-6.13543 33.9403 17.3944 0.491451 0.022556 -0.906955 0.003914 0.42121
-6.13543 33.6274 17.3973 0.495237 0.022556 -0.906955 0.003914 0.42121
-4.99098 33.9493 18.3607 0.491451 0.010867 -0.34346 0.00873 0.939127
-4.99098 33.6364 18.3636 0.474968 0.010772 0 -0.999957 0.009286
-6.13543 33.5866 12.9958 0.488813 0.075712 1e-06 -0.999957 0.009286
-5.07749 33.5759 11.8472 0.476014 0.089609 0 -0.999957 0.009286
-6.13543 33.6274 17.3973 0.488813 0.022462 1e-06 -0.999957 0.009286
-6.13543 33.5866 12.9958 0.488813 0.075712 1e-06 -0.999957 0.009286
-4.99098 33.6364 18.3636 0.474968 0.010772 0 -0.999957 0.009286
-0.000246 32.753 11.8549 0.414409 0.092698 0 -0.009286 -0.999957
5.077 32.44 11.8578 0.493244 0.097557 0.401575 -0.008504 -0.915787
-0.000246 32.44 11.8578 0.414409 0.097557 0 -0.009286 -0.999957
5.077 32.753 11.8549 0.493244 0.092698 0.401575 -0.008504 -0.915787
5.077 32.44 11.8578 0.493244 0.097557 0.401575 -0.008504 -0.915787
-0.000246 32.753 11.8549 0.414409 0.092698 0 -0.009286 -0.999957
-0.000246 32.753 11.8549 0.414598 0.089607 0 0.999957 -0.009286
4.99049 32.8135 18.3712 0.474968 0.010772 0 0.999957 -0.009286
5.077 32.753 11.8549 0.476014 0.089607 0 0.999957 -0.009286
-0.000246 32.8135 18.3712 0.414598 0.010772 0 0.999957 -0.009286
4.99049 32.8135 18.3712 0.474968 0.010772 0 0.999957 -0.009286
-0.000246 32.753 11.8549 0.414598 0.089607 0 0.999957 -0.009286
-0.000246 32.5006 18.3741 0.414409 0.097557 0 0.009286 0.999957
4.99049 32.8135 18.3712 0.4919 0.092698 0.343461 0.008721 0.939126
-0.000246 32.8135 18.3712 0.414409 0.092698 0 0.009286 0.999957
4.99049 32.5006 18.3741 0.4919 0.097557 0.343461 0.008721 0.939126
4.99049 32.8135 18.3712 0.4919 0.092698 0.343461 0.008721 0.939126
-0.000246 32.5006 18.3741 0.414409 0.097557 0 0.009286 0.999957
-0.000246 32.44 11.8578 0.414598 0.089607 0 -0.999957 0.009286
4.99049 32.5006 18.3741 0.474968 0.010772 0 -0.999957 0.009286
-0.000246 32.5006 18.3741 0.414598 0.010772 0 -0.999957 0.009286
5.077 32.44 11.8578 0.476014 0.089607 0 -0.999957 0.009286
4.99049 32.5006 18.3741 0.474968 0.010772 0 -0.999957 0.009286
-0.000246 32.44 11.8578 0.414598 0.089607 0 -0.999957 0.009286
6.13493 32.7636 13.0034 0.491451 0.075805 0.931543 -0.003377 -0.363614
6.13493 32.4916 17.4079 0.495237 0.022555 0.906955 0.003912 0.421209
6.13493 32.4507 13.0063 0.495237 0.075805 0.931543 -0.003377 -0.363614
6.13493 32.8045 17.4049 0.491451 0.022555 0.906955 0.003912 0.421209
6.13493 32.4916 17.4079 0.495237 0.022555 0.906955 0.003912 0.421209
6.13493 32.7636 13.0034 0.491451 0.075805 0.931543 -0.003377 -0.363614
6.13493 32.7636 13.0034 0.491451 0.075805 0.931543 -0.003377 -0.363614
5.077 32.44 11.8578 0.495237 0.0897 0.401575 -0.008504 -0.915787
5.077 32.753 11.8549 0.491451 0.0897 0.401575 -0.008504 -0.915787
6.13493 32.4507 13.0063 0.495237 0.075805 0.931543 -0.003377 -0.363614
5.077 32.44 11.8578 0.495237 0.0897 0.401575 -0.008504 -0.915787
6.13493 32.7636 13.0034 0.491451 0.075805 0.931543 -0.003377 -0.363614
4.99049 32.8135 18.3712 0.474968 0.010772 0 0.999957 -0.009286
6.13493 32.7636 13.0034 0.488813 0.075712 0 0.999957 -0.009286
5.077 32.753 11.8549 0.476014 0.089607 0 0.999957 -0.009286
6.13493 32.8045 17.4049 0.488813 0.022462 0 0.999957 -0.009286
6.13493 32.7636 13.0034 0.488813 0.075712 0 0.999957 -0.009286
4.99049 32.8135 18.3712 0.474968 0.010772 0 0.999957 -0.009286
6.13493 32.4916 17.4079 0.495237 0.022555 0.906955 0.003912 0.421209
4.99049 32.8135 18.3712 0.491451 0.010865 0.343461 0.008721 0.939126
4.99049 32.5006 18.3741 0.495237 0.010865 0.343461 0.008721 0.939126
6.13493 32.8045 17.4049 0.491451 0.022555 0.906955 0.003912 0.421209
4.99049 32.8135 18.3712 0.491451 0.010865 0.343461 0.008721 0.939126
6.13493 32.4916 17.4079 0.495237 0.022555 0.906955 0.003912 0.421209
6.13493 32.4507 13.0063 0.488813 0.075712 0 -0.999957 0.009286
4.99049 32.5006 18.3741 0.474968 0.010772 0 -0.999957 0.009286
5.077 32.44 11.8578 0.476014 0.089607 0 -0.999957 0.009286
6.13493 32.4916 17.4079 0.488813 0.022462 0 -0.999957 0.009286
4.99049 32.5006 18.3741 0.474968 0.010772 0 -0.999957 0.009286
6.13493 32.4507 13.0063 0.488813 0.075712 0 -0.999957 0.009286
-5.07749 32.44 11.8578 0.493244 0.097557 -0.401575 -0.00851 -0.915787
-0.000246 32.753 11.8549 0.414409 0.092698 0 -0.009292 -0.999957
-0.000246 32.44 11.8578 0.414409 0.097557 0 -0.009292 -0.999957
-5.07749 32.753 11.8549 0.493244 0.092698 -0.401575 -0.00851 -0.915787
-0.000246 32.753 11.8549 0.414409 0.092698 0 -0.009292 -0.999957
-5.07749 32.44 11.8578 0.493244 0.097557 -0.401575 -0.00851 -0.915787
-0.000246 32.753 11.8549 0.414598 0.089607 0 0.999957 -0.009286
-4.99098 32.8135 18.3712 0.474968 0.010772 0 0.999957 -0.009286
-0.000246 32.8135 18.3712 0.414598 0.010772 0 0.999957 -0.009286
-5.07749 32.753 11.8549 0.476014 0.089607 0 0.999957 -0.009286
-4.99098 32.8135 18.3712 0.474968 0.010772 0 0.999957 -0.009286
-0.000246 32.753 11.8549 0.414598 0.089607 0 0.999957 -0.009286
-4.99098 32.8135 18.3712 0.4919 0.092698 -0.343461 0.008724 0.939126
-0.000246 32.5006 18.3741 0.414409 0.097557 0 0.009286 0.999957
-0.000246 32.8135 18.3712 0.414409 0.092698 0 0.009286 0.999957
-4.99098 32.5006 18.3741 0.4919 0.097557 -0.343461 0.008724 0.939126
-0.000246 32.5006 18.3741 0.414409 0.097557 0 0.009286 0.999957
-4.99098 32.8135 18.3712 0.4919 0.092698 -0.343461 0.008724 0.939126
-4.99098 32.5006 18.3741 0.474968 0.010772 0 -0.999957 0.009286
-0.000246 32.44 11.8578 0.414598 0.089607 0 -0.999957 0.009286
-0.000246 32.5006 18.3741 0.414598 0.010772 0 -0.999957 0.009286
-5.07749 32.44 11.8578 0.476014 0.089607 0 -0.999957 0.009286
-0.000246 32.44 11.8578 0.414598 0.089607 0 -0.999957 0.009286
-4.99098 32.5006 18.3741 0.474968 0.010772 0 -0.999957 0.009286
-6.13543 32.4916 17.4079 0.495237 0.022555 -0.906955 0.003915 0.42121
-6.13543 32.7636 13.0034 0.491451 0.075805 -0.931543 -0.003379 -0.363615
-6.13543 32.4507 13.0063 0.495237 0.075805 -0.931543 -0.003379 -0.363615
-6.13543 32.8045 17.4049 0.491451 0.022555 -0.906955 0.003915 0.42121
-6.13543 32.7636 13.0034 0.491451 0.075805 -0.931543 -0.003379 -0.363615
-6.13543 32.4916 17.4079 0.495237 0.022555 -0.906955 0.003915 0.42121
-5.07749 32.44 11.8578 0.495237 0.0897 -0.401575 -0.00851 -0.915787
-6.13543 32.7636 13.0034 0.491451 0.075805 -0.931543 -0.003379 -0.363615
-5.07749 32.753 11.8549 0.491451 0.0897 -0.401575 -0.00851 -0.915787
-6.13543 32.4507 13.0063 0.495237 0.075805 -0.931543 -0.003379 -0.363615
-6.13543 32.7636 13.0034 0.491451 0.075805 -0.931543 -0.003379 -0.363615
-5.07749 32.44 11.8578 0.495237 0.0897 -0.401575 -0.00851 -0.915787
-4.99098 32.8135 18.3712 0.474968 0.010772 0 0.999957 -0.009286
-6.13543 32.7636 13.0034 0.488813 0.075712 0 0.999957 -0.009286
-6.13543 32.8045 17.4049 0.488813 0.022462 0 0.999957 -0.009286
-5.07749 32.753 11.8549 0.476014 0.089607 0 0.999957 -0.009286
-6.13543 32.7636 13.0034 0.488813 0.075712 0 0.999957 -0.009286
-4.99098 32.8135 18.3712 0.474968 0.010772 0 0.999957 -0.009286
-4.99098 32.8135 18.3712 0.491451 0.010865 -0.343461 0.008724 0.939126
-6.13543 32.4916 17.4079 0.495237 0.022555 -0.906955 0.003915 0.42121
-4.99098 32.5006 18.3741 0.495237 0.010865 -0.343461 0.008724 0.939126
-6.13543 32.8045 17.4049 0.491451 0.022555 -0.906955 0.003915 0.42121
-6.13543 32.4916 17.4079 0.495237 0.022555 -0.906955 0.003915 0.42121
-4.99098 32.8135 18.3712 0.491451 0.010865 -0.343461 0.008724 0.939126
-4.99098 32.5006 18.3741 0.474968 0.010772 0 -0.999957 0.009286
-6.13543 32.4507 13.0063 0.488813 0.075712 0 -0.999957 0.009286
-5.07749 32.44 11.8578 0.476014 0.089607 0 -0.999957 0.009286
-6.13543 32.4916 17.4079 0.488813 0.022462 0 -0.999957 0.009286
-6.13543 32.4507 13.0063 0.488813 0.075712 0 -0.999957 0.009286
-4.99098 32.5006 18.3741 0.474968 0.010772 0 -0.999957 0.009286
-0.000246 31.5478 11.866 0.414409 0.092698 0 -0.009286 -0.999957
5.077 31.2349 11.869 0.493244 0.097557 0.401576 -0.008504 -0.915786
-0.000246 31.2349 11.869 0.414409 0.097557 0 -0.009286 -0.999957
5.077 31.5478 11.866 0.493244 0.092698 0.401576 -0.008504 -0.915786
5.077 31.2349 11.869 0.493244 0.097557 0.401576 -0.008504 -0.915786
-0.000246 31.5478 11.866 0.414409 0.092698 0 -0.009286 -0.999957
-0.000246 31.5478 11.866 0.414598 0.089607 0 0.999957 -0.009286
4.99049 31.6083 18.3824 0.474968 0.010772 0 0.999957 -0.009286
5.077 31.5478 11.866 0.476014 0.089607 0 0.999957 -0.009286
-0.000246 31.6083 18.3824 0.414598 0.010772 0 0.999957 -0.009286
4.99049 31.6083 18.3824 0.474968 0.010772 0 0.999957 -0.009286
-0.000246 31.5478 11.866 0.414598 0.089607 0 0.999957 -0.009286
-0.000246 31.2954 18.3853 0.414409 0.097557 0 0.009286 0.999957
4.99049 31.6083 18.3824 0.4919 0.092698 0.343461 0.008721 0.939126
-0.000246 31.6083 18.3824 0.414409 0.092698 0 0.009286 0.999957
4.99049 31.2954 18.3853 0.4919 0.097557 0.343461 0.008721 0.939126
4.99049 31.6083 18.3824 0.4919 0.092698 0.343461 0.008721 0.939126
-0.000246 31.2954 18.3853 0.414409 0.097557 0 0.009286 0.999957
-0.000246 31.2349 11.869 0.414598 0.089607 0 -0.999957 0.009286
4.99049 31.2954 18.3853 0.474968 0.010772 0 -0.999957 0.009286
-0.000246 31.2954 18.3853 0.414598 0.010772 0 -0.999957 0.009286
5.077 31.2349 11.869 0.476014 0.089607 0 -0.999957 0.009286
4.99049 31.2954 18.3853 0.474968 0.010772 0 -0.999957 0.009286
-0.000246 31.2349 11.869 0.414598 0.089607 0 -0.999957 0.009286
6.13493 31.5585 13.0146 0.491451 0.075805 0.931544 -0.003377 -0.363614
6.13493 31.2865 17.419 0.495237 0.022555 0.906955 0.003912 0.42121
6.13493 31.2456 13.0175 0.495237 0.075805 0.931544 -0.003377 -0.363614
6.13493 31.5994 17.4161 0.491451 0.022555 0.906955 0.003912 0.42121
6.13493 31.2865 17.419 0.495237 0.022555 0.906955 0.003912 0.42121
6.13493 31.5585 13.0146 0.491451 0.075805 0.931544 -0.003377 -0.363614
6.13493 31.5585 13.0146 0.491451 0.075805 0.931544 -0.003377 -0.363614
5.077 31.2349 11.869 0.495237 0.0897 0.401576 -0.008504 -0.915786
5.077 31.5478 11.866 0.491451 0.0897 0.401576 -0.008504 -0.915786
6.13493 31.2456 13.0175 0.495237 0.075805 0.931544 -0.003377 -0.363614
5.077 31.2349 11.869 0.495237 0.0897 0.401576 -0.008504 -0.915786
6.13493 31.5585 13.0146 0.491451 0.075805 0.931544 -0.003377 -0.363614
4.99049 31.6083 18.3824 0.474968 0.010772 0 0.999957 -0.009286
6.13493 31.5585 13.0146 0.488813 0.075712 0 0.999957 -0.009286
5.077 31.5478 11.866 0.476014 0.089607 0 0.999957 -0.009286
6.13493 31.5994 17.4161 0.488813 0.022462 0 0.999957 -0.009286
6.13493 31.5585 13.0146 0.488813 0.075712 0 0.999957 -0.009286
4.99049 31.6083 18.3824 0.474968 0.010772 0 0.999957 -0.009286
6.13493 31.2865 17.419 0.495237 0.022555 0.906955 0.003912 0.42121
4.99049 31.6083 18.3824 0.491451 0.010865 0.343461 0.008721 0.939126
4.99049 31.2954 18.3853 0.495237 0.010865 0.343461 0.008721 0.939126
6.13493 31.5994 17.4161 0.491451 0.022555 0.906955 0.003912 0.42121
4.99049 31.6083 18.3824 0.491451 0.010865 0.343461 0.008721 0.939126
6.13493 31.2865 17.419 0.495237 0.022555 0.906955 0.003912 0.42121
6.13493 31.2456 13.0175 0.488813 0.075712 0 -0.999957 0.009286
4.99049 31.2954 18.3853 0.474968 0.010772 0 -0.999957 0.009286
5.077 31.2349 11.869 0.476014 0.089607 0 -0.999957 0.009286
6.13493 31.2865 17.419 0.488813 0.022462 0 -0.999957 0.009286
4.99049 31.2954 18.3853 0.474968 0.010772 0 -0.999957 0.009286
6.13493 31.2456 13.0175 0.488813 0.075712 0 -0.999957 0.009286
-5.07749 31.2349 11.869 0.493244 0.097557 -0.401576 -0.008504 -0.915786
-0.000246 31.5478 11.866 0.414409 0.092698 0 -0.009286 -0.999957
-0.000246 31.2349 11.869 0.414409 0.097557 0 -0.009286 -0.999957
-5.07749 31.5478 11.866 0.493244 0.092698 -0.401576 -0.008504 -0.915786
-0.000246 31.5478 11.866 0.414409 0.092698 0 -0.009286 -0.999957
-5.07749 31.2349 11.869 0.493244 0.097557 -0.401576 -0.008504 -0.915786
-0.000246 31.5478 11.866 0.414598 0.089607 0 0.999957 -0.009286
-4.99098 31.6083 18.3824 0.474968 0.010772 1e-06 0.999957 -0.009286
-0.000246 31.6083 18.3824 0.414598 0.010772 0 0.999957 -0.009286
-5.07749 31.5478 11.866 0.476014 0.089607 1e-06 0.999957 -0.009286
-4.99098 31.6083 18.3824 0.474968 0.010772 1e-06 0.999957 -0.009286
-0.000246 31.5478 11.866 0.414598 0.089607 0 0.999957 -0.009286
-4.99098 31.6083 18.3824 0.4919 0.092698 -0.343461 0.008721 0.939126
-0.000246 31.2954 18.3853 0.414409 0.097557 0 0.009286 0.999957
-0.000246 31.6083 18.3824 0.414409 0.092698 0 0.009286 0.999957
-4.99098 31.2954 18.3853 0.4919 0.097557 -0.343461 0.008721 0.939126
-0.000246 31.2954 18.3853 0.414409 0.097557 0 0.009286 0.999957
-4.99098 31.6083 18.3824 0.4919 0.092698 -0.343461 0.008721 0.939126
-4.99098 31.2954 18.3853 0.474968 0.010772 0 -0.999957 0.009286
-0.000246 31.2349 11.869 0.414598 0.089607 0 -0.999957 0.009286
-0.000246 31.2954 18.3853 0.414598 0.010772 0 -0.999957 0.009286
-5.07749 31.2349 11.869 0.476014 0.089607 0 -0.999957 0.009286
-0.000246 31.2349 11.869 0.414598 0.089607 0 -0.999957 0.009286
-4.99098 31.2954 18.3853 0.474968 0.010772 0 -0.999957 0.009286
-6.13543 31.2865 17.419 0.495237 0.022555 -0.906955 0.003912 0.42121
-6.13543 31.5585 13.0146 0.491451 0.075805 -0.931544 -0.003378 -0.363614
-6.13543 31.2456 13.0175 0.495237 0.075805 -0.931544 -0.003378 -0.363614
-6.13543 31.5994 17.4161 0.491451 0.022555 -0.906955 0.003912 0.42121
-6.13543 31.5585 13.0146 0.491451 0.075805 -0.931544 -0.003378 -0.363614
-6.13543 31.2865 17.419 0.495237 0.022555 -0.906955 0.003912 0.42121
-5.07749 31.2349 11.869 0.495237 0.0897 -0.401576 -0.008504 -0.915786
-6.13543 31.5585 13.0146 0.491451 0.075805 -0.931544 -0.003378 -0.363614
-5.07749 31.5478 11.866 0.491451 0.0897 -0.401576 -0.008504 -0.915786
-6.13543 31.2456 13.0175 0.495237 0.075805 -0.931544 -0.003378 -0.363614
-6.13543 31.5585 13.0146 0.491451 0.075805 -0.931544 -0.003378 -0.363614
-5.07749 31.2349 11.869 0.495237 0.0897 -0.401576 -0.008504 -0.915786
-4.99098 31.6083 18.3824 0.474968 0.010772 1e-06 0.999957 -0.009286
-6.13543 31.5585 13.0146 0.488813 0.075712 2e-06 0.999957 -0.009286
-6.13543 31.5994 17.4161 0.488813 0.022462 2e-06 0.999957 -0.009286
-5.07749 31.5478 11.866 0.476014 0.089607 1e-06 0.999957 -0.009286
-6.13543 31.5585 13.0146 0.488813 0.075712 2e-06 0.999957 -0.009286
-4.99098 31.6083 18.3824 0.474968 0.010772 1e-06 0.999957 -0.009286
-4.99098 31.6083 18.3824 0.491451 0.010865 -0.343461 0.008721 0.939126
-6.13543 31.2865 17.419 0.495237 0.022555 -0.906955 0.003912 0.42121
-4.99098 31.2954 18.3853 0.495237 0.010865 -0.343461 0.008721 0.939126
-6.13543 31.5994 17.4161 0.491451 0.022555 -0.906955 0.003912 0.42121
-6.13543 31.2865 17.419 0.495237 0.022555 -0.906955 0.003912 0.42121
-4.99098 31.6083 18.3824 0.491451 0.010865 -0.343461 0.008721 0.939126
-4.99098 31.2954 18.3853 0.474968 0.010772 0 -0.999957 0.009286
-6.13543 31.2456 13.0175 0.488813 0.075712 0 -0.999957 0.009286
-5.07749 31.2349 11.869 0.476014 0.089607 0 -0.999957 0.009286
-6.13543 31.2865 17.419 0.488813 0.022462 0 -0.999957 0.009286
-6.13543 31.2456 13.0175 0.488813 0.075712 0 -0.999957 0.009286
-4.99098 31.2954 18.3853 0.474968 0.010772 0 -0.999957 0.009286
-0.000246 25.8538 0.023984 0.062876 0.070603 0 -0.337341 -0.941382
6.7365 25.5644 0.127712 0.016541 0.068605 0.543224 -0.728 -0.418238
-0.000246 25.5644 0.127712 0.062876 0.068605 0.005096 -0.999497 0.031308
6.7365 25.8538 0.023984 0.016541 0.070603 0.670066 -0.249776 -0.699016
6.7365 25.5644 0.127712 0.016541 0.068605 0.543224 -0.728 -0.418238
-0.000246 25.8538 0.023984 0.062876 0.070603 0 -0.337341 -0.941382
-0.000246 30.6041 16.9868 0.135594 0.00902098 0 0.962954 -0.269666
6.7365 25.8538 0.023984 0.017655 0.054133 -0.009275 0.962924 -0.269613
-0.000246 25.8538 0.023984 0.017654 0.00902098 0 0.962954 -0.269666
5.88726 30.6041 16.9868 0.135594 0.048446 -0.003574 0.962902 -0.269829
6.7365 25.8538 0.023984 0.017655 0.054133 -0.009275 0.962924 -0.269613
-0.000246 30.6041 16.9868 0.135594 0.00902098 0 0.962954 -0.269666
7.36874 30.3996 16.2183 0.130271 0.058367 0.482645 0.834728 0.265109
6.7365 25.8538 0.023984 0.017655 0.054133 -0.009275 0.962924 -0.269613
5.88726 30.6041 16.9868 0.135594 0.048446 -0.003574 0.962902 -0.269829
7.36874 30.3996 16.2183 0.130271 0.058367 0.482645 0.834728 0.265109
8.27358 29.94 14.473 0.118193 0.064427 0.861604 0.50704 0.023434
6.7365 25.8538 0.023984 0.017655 0.054133 -0.009275 0.962924 -0.269613
-0.000246 30.6041 16.9868 0.070216 0.068319 0 0.264815 0.964299
5.87883 30.3076 17.0682 0.11039 0.07042 0.170738 -0.51619 0.839283
5.88726 30.6041 16.9868 0.110447 0.068319 0.244571 0.246072 0.937888
-0.000246 30.3076 17.0682 0.070216 0.07042 0 -0.49244 0.870346
5.87883 30.3076 17.0682 0.11039 0.07042 0.170738 -0.51619 0.839283
-0.000246 30.6041 16.9868 0.070216 0.068319 0 0.264815 0.964299
8.27358 29.645 14.5722 0.118254 0.064427 0.691837 -0.651964 0.31033
-0.000246 25.5644 0.127712 0.017754 0.00902098 0.005096 -0.999497 0.031308
6.7365 25.5644 0.127712 0.017754 0.054133 0.543224 -0.728 -0.418238
-0.000246 25.5644 0.127712 0.017754 0.00902098 0.005096 -0.999497 0.031308
5.87883 30.3076 17.0682 0.135537 0.048389 0.170738 -0.51619 0.839283
-0.000246 30.3076 17.0682 0.135537 0.00902098 0 -0.49244 0.870346
-0.000246 25.5644 0.127712 0.017754 0.00902098 0.005096 -0.999497 0.031308
7.41012 30.0932 16.2685 0.129995 0.058645 0.504761 -0.563182 0.65425
5.87883 30.3076 17.0682 0.135537 0.048389 0.170738 -0.51619 0.839283
-0.000246 25.5644 0.127712 0.017754 0.00902098 0.005096 -0.999497 0.031308
8.27358 29.645 14.5722 0.118254 0.064427 0.691837 -0.651964 0.31033
7.41012 30.0932 16.2685 0.129995 0.058645 0.504761 -0.563182 0.65425
6.7365 25.5644 0.127712 0.127417 0.072116 0.543224 -0.728 -0.418238
8.27358 29.94 14.473 0.016272 0.074458 0.861604 0.50704 0.023434
8.27358 29.645 14.5722 0.016157 0.072154 0.691837 -0.651964 0.31033
6.7365 25.8538 0.023984 0.127574 0.07439 0.670066 -0.249776 -0.699016
8.27358 29.94 14.473 0.016272 0.074458 0.861604 0.50704 0.023434
6.7365 25.5644 0.127712 0.127417 0.072116 0.543224 -0.728 -0.418238
8.27358 29.94 14.473 0.126755 0.068574 0.861604 0.50704 0.023434
7.41012 30.0932 16.2685 0.120854 0.070521 0.504761 -0.563182 0.65425
8.27358 29.645 14.5722 0.126755 0.070695 0.691837 -0.651964 0.31033
7.36874 30.3996 16.2183 0.120572 0.068407 0.482645 0.834728 0.265109
7.41012 30.0932 16.2685 0.120854 0.070521 0.504761 -0.563182 0.65425
8.27358 29.94 14.473 0.126755 0.068574 0.861604 0.50704 0.023434
7.36874 30.3996 16.2183 0.120572 0.068407 0.482645 0.834728 0.265109
5.87883 30.3076 17.0682 0.11039 0.07042 0.170738 -0.51619 0.839283
7.41012 30.0932 16.2685 0.120854 0.070521 0.504761 -0.563182 0.65425
5.88726 30.6041 16.9868 0.110447 0.068319 0.244571 0.246072 0.937888
5.87883 30.3076 17.0682 0.11039 0.07042 0.170738 -0.51619 0.839283
7.36874 30.3996 16.2183 0.120572 0.068407 0.482645 0.834728 0.265109
-6.73699 25.5644 0.127712 0.016541 0.068605 -0.543224 -0.728001 -0.418237
-0.000246 25.8538 0.023984 0.062876 0.070603 0 -0.337341 -0.941382
-0.000246 25.5644 0.127712 0.062876 0.068605 -0.005096 -0.999497 0.031308
-6.73699 25.8538 0.023984 0.016541 0.070603 -0.670066 -0.249777 -0.699016
-0.000246 25.8538 0.023984 0.062876 0.070603 0 -0.337341 -0.941382
-6.73699 25.5644 0.127712 0.016541 0.068605 -0.543224 -0.728001 -0.418237
-6.73699 25.8538 0.023984 0.017655 0.054133 0.009275 0.962924 -0.269613
-0.000246 30.6041 16.9868 0.135594 0.00902098 0 0.962954 -0.269666
-0.000246 25.8538 0.023984 0.017654 0.00902098 0 0.962954 -0.269666
-6.73699 25.8538 0.023984 0.017655 0.054133 0.009275 0.962924 -0.269613
-5.88775 30.6041 16.9868 0.135594 0.048446 0.003575 0.962902 -0.269829
-0.000246 30.6041 16.9868 0.135594 0.00902098 0 0.962954 -0.269666
-6.73699 25.8538 0.023984 0.017655 0.054133 0.009275 0.962924 -0.269613
-7.36924 30.3996 16.2183 0.130271 0.058367 -0.482645 0.834729 0.265107
-5.88775 30.6041 16.9868 0.135594 0.048446 0.003575 0.962902 -0.269829
-8.27407 29.94 14.473 0.118193 0.064427 -0.861604 0.50704 0.023433
-7.36924 30.3996 16.2183 0.130271 0.058367 -0.482645 0.834729 0.265107
-6.73699 25.8538 0.023984 0.017655 0.054133 0.009275 0.962924 -0.269613
-0.000246 30.6041 16.9868 0.070216 0.068319 1e-06 0.264816 0.964299
-5.87932 30.3076 17.0682 0.11039 0.07042 -0.170738 -0.51619 0.839283
-0.000246 30.3076 17.0682 0.070216 0.07042 0 -0.49244 0.870346
-5.88775 30.6041 16.9868 0.110447 0.068319 -0.244572 0.246075 0.937887
-5.87932 30.3076 17.0682 0.11039 0.07042 -0.170738 -0.51619 0.839283
-0.000246 30.6041 16.9868 0.070216 0.068319 1e-06 0.264816 0.964299
-0.000246 25.5644 0.127712 0.017754 0.00902098 -0.005096 -0.999497 0.031308
-8.27407 29.645 14.5722 0.118254 0.064427 -0.691837 -0.651964 0.310329
-6.73699 25.5644 0.127712 0.017754 0.054133 -0.543224 -0.728001 -0.418237
-5.87932 30.3076 17.0682 0.135537 0.048389 -0.170738 -0.51619 0.839283
-0.000246 25.5644 0.127712 0.017754 0.00902098 -0.005096 -0.999497 0.031308
-0.000246 30.3076 17.0682 0.135537 0.00902098 0 -0.49244 0.870346
-7.41061 30.0932 16.2685 0.129995 0.058645 -0.504763 -0.563181 0.654249
-0.000246 25.5644 0.127712 0.017754 0.00902098 -0.005096 -0.999497 0.031308
-5.87932 30.3076 17.0682 0.135537 0.048389 -0.170738 -0.51619 0.839283
-8.27407 29.645 14.5722 0.118254 0.064427 -0.691837 -0.651964 0.310329
-0.000246 25.5644 0.127712 0.017754 0.00902098 -0.005096 -0.999497 0.031308
-7.41061 30.0932 16.2685 0.129995 0.058645 -0.504763 -0.563181 0.654249
-6.73699 25.5644 0.127712 0.127417 0.072116 -0.543224 -0.728001 -0.418237
-8.27407 29.94 14.473 0.016272 0.074458 -0.861604 0.50704 0.023433
-6.73699 25.8538 0.023984 0.127574 0.07439 -0.670066 -0.249777 -0.699016
-8.27407 29.645 14.5722 0.016157 0.072154 -0.691837 -0.651964 0.310329
-8.27407 29.94 14.473 0.016272 0.074458 -0.861604 0.50704 0.023433
-6.73699 25.5644 0.127712 0.127417 0.072116 -0.543224 -0.728001 -0.418237
-8.27407 29.94 14.473 0.126755 0.068574 -0.861604 0.50704 0.023433
-7.41061 30.0932 16.2685 0.120854 0.070521 -0.504763 -0.563181 0.654249
-7.36924 30.3996 16.2183 0.120572 0.068407 -0.482645 0.834729 0.265107
-8.27407 29.645 14.5722 0.126755 0.070695 -0.691837 -0.651964 0.310329
-7.41061 30.0932 16.2685 0.120854 0.070521 -0.504763 -0.563181 0.654249
-8.27407 29.94 14.473 0.126755 0.068574 -0.861604 0.50704 0.023433
-7.36924 30.3996 16.2183 0.120572 0.068407 -0.482645 0.834729 0.265107
-5.87932 30.3076 17.0682 0.11039 0.07042 -0.170738 -0.51619 0.839283
-5.88775 30.6041 16.9868 0.110447 0.068319 -0.244572 0.246075 0.937887
-7.41061 30.0932 16.2685 0.120854 0.070521 -0.504763 -0.563181 0.654249
-5.87932 30.3076 17.0682 0.11039 0.07042 -0.170738 -0.51619 0.839283
-7.36924 30.3996 16.2183 0.120572 0.068407 -0.482645 0.834729 0.265107
-0.000246 27.1172 8.27356 0.148301 0.014602 0 -0.337352 -0.941378
6.7365 26.8277 8.37729 0.14611 0.062734 0 -0.337352 -0.941378
-0.000246 26.8277 8.37729 0.14611 0.014602 0 -0.337352 -0.941378
6.7365 27.1172 8.27356 0.148301 0.062734 0 -0.337352 -0.941378
6.7365 26.8277 8.37729 0.14611 0.062734 0 -0.337352 -0.941378
-0.000246 27.1172 8.27356 0.148301 0.014602 0 -0.337352 -0.941378
-0.000246 29.5088 16.997 0.208897 0.013932 0 0.964412 -0.264404
6.7365 27.1172 8.27356 0.151257 0.05686 -0.005724 0.964458 -0.264173
-0.000246 27.1172 8.27356 0.151257 0.013932 0 0.964412 -0.264404
5.88726 29.5088 16.997 0.208897 0.051448 0.172979 0.868425 0.464669
6.7365 27.1172 8.27356 0.151257 0.05686 -0.005724 0.964458 -0.264173
-0.000246 29.5088 16.997 0.208897 0.013932 0 0.964412 -0.264404
7.31359 29.3054 16.2447 0.203931 0.060538 0.486467 0.831357 0.268691
6.7365 27.1172 8.27356 0.151257 0.05686 -0.005724 0.964458 -0.264173
5.88726 29.5088 16.997 0.208897 0.051448 0.172979 0.868425 0.464669
7.31359 29.3054 16.2447 0.203931 0.060538 0.486467 0.831357 0.268691
8.24166 28.8446 14.4831 0.192331 0.066452 0.867465 0.496785 -0.026632
6.7365 27.1172 8.27356 0.151257 0.05686 -0.005724 0.964458 -0.264173
-0.000246 29.5088 16.997 0.148165 0.014602 -1e-06 0.264819 0.964298
5.87883 29.2123 17.0784 0.145968 0.056606 0.172134 -0.519095 0.837204
5.88726 29.5088 16.997 0.148165 0.056666 0.172979 0.868425 0.464669
-0.000246 29.2123 17.0784 0.145968 0.014602 -1e-06 0.264819 0.964298
5.87883 29.2123 17.0784 0.145968 0.056606 0.172134 -0.519095 0.837204
-0.000246 29.5088 16.997 0.148165 0.014602 -1e-06 0.264819 0.964298
6.7365 26.8277 8.37729 0.151384 0.05686 0.00505 -0.964503 0.264025
-0.000246 29.2123 17.0784 0.208875 0.013932 0 -0.964438 0.264308
-0.000246 26.8277 8.37729 0.151384 0.013932 0 -0.964438 0.264308
6.7365 26.8277 8.37729 0.151384 0.05686 0.00505 -0.964503 0.264025
5.87883 29.2123 17.0784 0.208875 0.051394 0.172134 -0.519095 0.837204
-0.000246 29.2123 17.0784 0.208875 0.013932 0 -0.964438 0.264308
6.7365 26.8277 8.37729 0.151384 0.05686 0.00505 -0.964503 0.264025
7.35581 28.9987 16.2934 0.203692 0.060807 0.505404 -0.563389 0.653574
5.87883 29.2123 17.0784 0.208875 0.051394 0.172134 -0.519095 0.837204
6.7365 26.8277 8.37729 0.151384 0.05686 0.00505 -0.964503 0.264025
8.24166 28.5497 14.5824 0.192421 0.066452 0.884962 -0.410084 0.22062
7.35581 28.9987 16.2934 0.203692 0.060807 0.505404 -0.563389 0.653574
6.7365 26.8277 8.37729 0.15271 0.069677 0.973676 -0.074791 -0.215318
8.24166 28.8446 14.4831 0.191568 0.067748 0.867465 0.496785 -0.026632
8.24166 28.5497 14.5824 0.191671 0.069628 0.884962 -0.410084 0.22062
6.7365 27.1172 8.27356 0.152571 0.067822 0.973676 -0.074791 -0.215318
8.24166 28.8446 14.4831 0.191568 0.067748 0.867465 0.496785 -0.026632
6.7365 26.8277 8.37729 0.15271 0.069677 0.973676 -0.074791 -0.215318
8.24166 28.8446 14.4831 0.191568 0.067748 0.867465 0.496785 -0.026632
7.35581 28.9987 16.2934 0.202373 0.069765 0.505404 -0.563389 0.653574
8.24166 28.5497 14.5824 0.191671 0.069628 0.884962 -0.410084 0.22062
7.31359 29.3054 16.2447 0.202583 0.067898 0.486467 0.831357 0.268691
7.35581 28.9987 16.2934 0.202373 0.069765 0.505404 -0.563389 0.653574
8.24166 28.8446 14.4831 0.191568 0.067748 0.867465 0.496785 -0.026632
7.31359 29.3054 16.2447 0.203931 0.060538 0.486467 0.831357 0.268691
5.87883 29.2123 17.0784 0.208875 0.051394 0.172134 -0.519095 0.837204
7.35581 28.9987 16.2934 0.203692 0.060807 0.505404 -0.563389 0.653574
5.88726 29.5088 16.997 0.208897 0.051448 0.172979 0.868425 0.464669
5.87883 29.2123 17.0784 0.208875 0.051394 0.172134 -0.519095 0.837204
7.31359 29.3054 16.2447 0.203931 0.060538 0.486467 0.831357 0.268691
-6.73699 26.8277 8.37729 0.14611 0.062734 0 -0.337352 -0.941379
-0.000246 27.1172 8.27356 0.148301 0.014602 0 -0.337352 -0.941379
-0.000246 26.8277 8.37729 0.14611 0.014602 0 -0.337352 -0.941379
-6.73699 27.1172 8.27356 0.148301 0.062734 0 -0.337352 -0.941379
-0.000246 27.1172 8.27356 0.148301 0.014602 0 -0.337352 -0.941379
-6.73699 26.8277 8.37729 0.14611 0.062734 0 -0.337352 -0.941379
-6.73699 27.1172 8.27356 0.151257 0.05686 0.005723 0.964458 -0.264173
-0.000246 29.5088 16.997 0.208897 0.013932 0 0.964412 -0.264404
-0.000246 27.1172 8.27356 0.151257 0.013932 0 0.964412 -0.264404
-6.73699 27.1172 8.27356 0.151257 0.05686 0.005723 0.964458 -0.264173
-5.88775 29.5088 16.997 0.208897 0.051448 -0.172978 0.868424 0.46467
-0.000246 29.5088 16.997 0.208897 0.013932 0 0.964412 -0.264404
-6.73699 27.1172 8.27356 0.151257 0.05686 0.005723 0.964458 -0.264173
-7.31409 29.3054 16.2447 0.203931 0.060538 -0.486466 0.831358 0.268691
-5.88775 29.5088 16.997 0.208897 0.051448 -0.172978 0.868424 0.46467
-8.24215 28.8446 14.4831 0.192331 0.066452 -0.867465 0.496785 -0.026632
-7.31409 29.3054 16.2447 0.203931 0.060538 -0.486466 0.831358 0.268691
-6.73699 27.1172 8.27356 0.151257 0.05686 0.005723 0.964458 -0.264173
-0.000246 29.5088 16.997 0.148165 0.014602 0 0.264819 0.964298
-5.87932 29.2123 17.0784 0.145968 0.056606 -0.172133 -0.519094 0.837205
-0.000246 29.2123 17.0784 0.145968 0.014602 0 0.264819 0.964298
-5.88775 29.5088 16.997 0.148165 0.056666 -0.172978 0.868424 0.46467
-5.87932 29.2123 17.0784 0.145968 0.056606 -0.172133 -0.519094 0.837205
-0.000246 29.5088 16.997 0.148165 0.014602 0 0.264819 0.964298
-0.000246 29.2123 17.0784 0.208875 0.013932 0 -0.964438 0.264308
-6.73699 26.8277 8.37729 0.151384 0.05686 -0.00505 -0.964503 0.264025
-0.000246 26.8277 8.37729 0.151384 0.013932 0 -0.964438 0.264308
-5.87932 29.2123 17.0784 0.208875 0.051394 -0.172133 -0.519094 0.837205
-6.73699 26.8277 8.37729 0.151384 0.05686 -0.00505 -0.964503 0.264025
-0.000246 29.2123 17.0784 0.208875 0.013932 0 -0.964438 0.264308
-7.3563 28.9987 16.2934 0.203692 0.060807 -0.505403 -0.563389 0.653575
-6.73699 26.8277 8.37729 0.151384 0.05686 -0.00505 -0.964503 0.264025
-5.87932 29.2123 17.0784 0.208875 0.051394 -0.172133 -0.519094 0.837205
-8.24215 28.5497 14.5824 0.192421 0.066452 -0.884963 -0.410083 0.22062
-6.73699 26.8277 8.37729 0.151384 0.05686 -0.00505 -0.964503 0.264025
-7.3563 28.9987 16.2934 0.203692 0.060807 -0.505403 -0.563389 0.653575
-6.73699 26.8277 8.37729 0.15271 0.069677 -0.973676 -0.07479 -0.215317
-8.24215 28.8446 14.4831 0.191568 0.067748 -0.867465 0.496785 -0.026632
-6.73699 27.1172 8.27356 0.152571 0.067822 -0.973676 -0.07479 -0.215317
-8.24215 28.5497 14.5824 0.191671 0.069628 -0.884963 -0.410083 0.22062
-8.24215 28.8446 14.4831 0.191568 0.067748 -0.867465 0.496785 -0.026632
-6.73699 26.8277 8.37729 0.15271 0.069677 -0.973676 -0.07479 -0.215317
-8.24215 28.8446 14.4831 0.191568 0.067748 -0.867465 0.496785 -0.026632
-7.3563 28.9987 16.2934 0.202373 0.069765 -0.505403 -0.563389 0.653575
-7.31409 29.3054 16.2447 0.202583 0.067898 -0.486466 0.831358 0.268691
-8.24215 28.5497 14.5824 0.191671 0.069628 -0.884963 -0.410083 0.22062
-7.3563 28.9987 16.2934 0.202373 0.069765 -0.505403 -0.563389 0.653575
-8.24215 28.8446 14.4831 0.191568 0.067748 -0.867465 0.496785 -0.026632
-7.31409 29.3054 16.2447 0.203931 0.060538 -0.486466 0.831358 0.268691
-5.87932 29.2123 17.0784 0.208875 0.051394 -0.172133 -0.519094 0.837205
-5.88775 29.5088 16.997 0.208897 0.051448 -0.172978 0.868424 0.46467
-7.3563 28.9987 16.2934 0.203692 0.060807 -0.505403 -0.563389 0.653575
-5.87932 29.2123 17.0784 0.208875 0.051394 -0.172133 -0.519094 0.837205
-7.31409 29.3054 16.2447 0.203931 0.060538 -0.486466 0.831358 0.268691
