Vertex Count: 348

Data:

-4.89132 15.2859 -67.2099 0.737728 0.232809 0 0.56791 -0.82309
-2.78254 17.4836 -65.6935 0.710871 0.204999 0 0.56791 -0.82309
-2.78254 15.2859 -67.2099 0.710871 0.232809 0 0.56791 -0.82309
-4.89132 17.4836 -65.6935 0.737728 0.204999 0 0.56791 -0.82309
-2.78254 17.4836 -65.6935 0.710871 0.204999 0 0.56791 -0.82309
-4.89132 15.2859 -67.2099 0.737728 0.232809 0 0.56791 -0.82309
-4.89132 17.4836 -65.6935 0.658106 0.172262 0 0.999957 -0.009286
-2.78254 17.4969 -64.265 0.675779 0.146175 0 0.999957 -0.009286
-2.78254 17.4836 -65.6935 0.658106 0.146175 0 0.999957 -0.009286
-4.89132 17.4969 -64.265 0.675779 0.172262 0 0.999957 -0.009286
-2.78254 17.4969 -64.265 0.675779 0.146175 0 0.999957 -0.009286
-4.89132 17.4836 -65.6935 0.658106 0.172262 0 0.999957 -0.009286
-4.89132 17.5203 -61.74 0.732881 0.185436 0 0.009286 0.999957
-2.78254 15.3369 -61.7197 0.717063 0.201814 0 0.009286 0.999957
-2.78254 17.5203 -61.74 0.717063 0.185436 0 0.009286 0.999957
-4.89132 15.3369 -61.7197 0.732881 0.201814 0 0.009286 0.999957
-2.78254 15.3369 -61.7197 0.717063 0.201814 0 0.009286 0.999957
-4.89132 17.5203 -61.74 0.732881 0.185436 0 0.009286 0.999957
-4.89132 15.3369 -61.7197 0.704881 0.245283 0 -0.999957 0.009286
-2.78254 15.3 -65.6889 0.657582 0.220155 0 -0.999957 0.009286
-2.78254 15.3369 -61.7197 0.704881 0.220155 0 -0.999957 0.009286
-4.89132 15.3 -65.6889 0.657582 0.245283 0 -0.999957 0.009286
-2.78254 15.3 -65.6889 0.657582 0.220155 0 -0.999957 0.009286
-4.89132 15.3369 -61.7197 0.704881 0.245283 0 -0.999957 0.009286
-4.89132 15.3 -65.6889 0.657195 0.203356 -1 0 -0
-4.89132 17.4836 -65.6935 0.657395 0.175537 -1 0 -0
-4.89132 15.2859 -67.2099 0.637817 0.203356 -1 0 -0
-4.89132 17.4969 -64.265 0.675595 0.175537 -1 0 -0
-4.89132 17.4836 -65.6935 0.657395 0.175537 -1 0 -0
-4.89132 15.3 -65.6889 0.657195 0.203356 -1 0 -0
-2.78254 15.3369 -61.7197 0.707766 0.203356 1 0 -0
-2.78254 17.4969 -64.265 0.675595 0.175537 1 0 -0
-2.78254 17.5203 -61.74 0.707766 0.175537 1 0 -0
-2.78254 15.3 -65.6889 0.657195 0.203356 1 0 -0
-2.78254 17.4969 -64.265 0.675595 0.175537 1 0 -0
-2.78254 15.3369 -61.7197 0.707766 0.203356 1 0 -0
-4.89132 17.4969 -64.265 0.675779 0.172262 0 0.999957 -0.009286
-2.78254 17.5203 -61.74 0.707017 0.146175 0 0.999957 -0.009286
-2.78254 17.4969 -64.265 0.675779 0.146175 0 0.999957 -0.009286
-4.89132 17.5203 -61.74 0.707017 0.172262 0 0.999957 -0.009286
-2.78254 17.5203 -61.74 0.707017 0.146175 0 0.999957 -0.009286
-4.89132 17.4969 -64.265 0.675779 0.172262 0 0.999957 -0.009286
-4.89132 14.2234 -66.4165 0.648792 0.245283 0 -0.999957 0.009284
-2.78254 14.2188 -66.9114 0.642895 0.220155 0 -0.999957 0.009284
-2.78254 14.2234 -66.4165 0.648792 0.220155 0 -0.999957 0.009284
-4.89132 14.2188 -66.9114 0.642895 0.245283 0 -0.999957 0.009284
-2.78254 14.2188 -66.9114 0.642895 0.220155 0 -0.999957 0.009284
-4.89132 14.2234 -66.4165 0.648792 0.245283 0 -0.999957 0.009284
-4.89132 17.4969 -64.265 0.675595 0.175537 -1 0 -0
-4.89132 15.3369 -61.7197 0.707766 0.203356 -1 0 -0
-4.89132 17.5203 -61.74 0.707766 0.175537 -1 0 -0
-4.89132 15.3 -65.6889 0.657195 0.203356 -1 0 -0
-4.89132 15.3369 -61.7197 0.707766 0.203356 -1 0 -0
-4.89132 17.4969 -64.265 0.675595 0.175537 -1 0 -0
-2.78254 15.3 -65.6889 0.657195 0.203356 1 0 -0
-2.78254 17.4836 -65.6935 0.657395 0.175537 1 0 -0
-2.78254 17.4969 -64.265 0.675595 0.175537 1 0 -0
-2.78254 15.2859 -67.2099 0.637817 0.203356 1 0 -0
-2.78254 17.4836 -65.6935 0.657395 0.175537 1 0 -0
-2.78254 15.3 -65.6889 0.657195 0.203356 1 0 -0
-4.89132 15.3 -65.6889 0.657582 0.245283 0 0.009286 0.999957
-2.78254 14.2234 -66.4165 0.648792 0.220155 0 0.009286 0.999957
-2.78254 15.3 -65.6889 0.657582 0.220155 0 0.009286 0.999957
-4.89132 14.2234 -66.4165 0.648792 0.245283 0 0.009286 0.999957
-2.78254 14.2234 -66.4165 0.648792 0.220155 0 0.009286 0.999957
-4.89132 15.3 -65.6889 0.657582 0.245283 0 0.009286 0.999957
-4.89132 15.2859 -67.2099 0.637817 0.203356 -1 0 -0
-4.89132 14.2234 -66.4165 0.647798 0.216987 -1 0 -0
-4.89132 15.3 -65.6889 0.657195 0.203356 -1 0 -0
-4.89132 14.6583 -67.204 0.637817 0.211353 -1 0 -0
-4.89132 14.2234 -66.4165 0.647798 0.216987 -1 0 -0
-4.89132 15.2859 -67.2099 0.637817 0.203356 -1 0 -0
-4.89132 14.6583 -67.204 0.637817 0.211353 -1 0 -0
-4.89132 14.2188 -66.9114 0.641494 0.216987 -1 0 -0
-4.89132 14.2234 -66.4165 0.647798 0.216987 -1 0 -0
-2.78254 15.2859 -67.2099 0.710871 0.232809 0 -0.009286 -0.999957
-4.89132 14.6583 -67.204 0.737728 0.240803 0 -0.009286 -0.999957
-4.89132 15.2859 -67.2099 0.737728 0.232809 0 -0.009286 -0.999957
-2.78254 14.6583 -67.204 0.710871 0.240803 0 -0.009286 -0.999957
-4.89132 14.6583 -67.204 0.737728 0.240803 0 -0.009286 -0.999957
-2.78254 15.2859 -67.2099 0.710871 0.232809 0 -0.009286 -0.999957
-2.78254 14.2234 -66.4165 0.647798 0.216987 1 0 -0
-2.78254 15.2859 -67.2099 0.637817 0.203356 1 0 -0
-2.78254 15.3 -65.6889 0.657195 0.203356 1 0 -0
-2.78254 14.2234 -66.4165 0.647798 0.216987 1 0 -0
-2.78254 14.6583 -67.204 0.637817 0.211353 1 0 -0
-2.78254 15.2859 -67.2099 0.637817 0.203356 1 0 -0
-2.78254 14.2234 -66.4165 0.647798 0.216987 1 0 -0
-2.78254 14.2188 -66.9114 0.641494 0.216987 1 0 -0
-2.78254 14.6583 -67.204 0.637817 0.211353 1 0 -0
-4.89132 14.2188 -66.9114 0.737728 0.246436 0 -0.73848 -0.674275
-2.78254 14.6583 -67.204 0.710871 0.240803 0 -0.73848 -0.674275
-2.78254 14.2188 -66.9114 0.710871 0.246436 0 -0.73848 -0.674275
-4.89132 14.6583 -67.204 0.737728 0.240803 0 -0.73848 -0.674275
-2.78254 14.6583 -67.204 0.710871 0.240803 0 -0.73848 -0.674275
-4.89132 14.2188 -66.9114 0.737728 0.246436 0 -0.73848 -0.674275
-4.2548 17.0433 -65.4092 0.592013 0.253546 -0.500003 0.865986 -0.008042
-4.55607 16.6882 -71.1998 0.587334 0.173503 -0.79201 0.453489 -0.408739
-4.55607 16.742 -65.4064 0.587153 0.253532 -0.866027 0.499976 -0.004643
-4.2548 16.9895 -71.2026 0.592116 0.173517 -0.457269 0.788217 -0.411848
-4.55607 16.6882 -71.1998 0.587334 0.173503 -0.79201 0.453489 -0.408739
-4.2548 17.0433 -65.4092 0.592013 0.253546 -0.500003 0.865986 -0.008042
-3.84327 17.1536 -65.4102 0.596919 0.253551 0 0.999957 -0.009286
-4.2548 16.9895 -71.2026 0.592116 0.173517 -0.457269 0.788217 -0.411848
-4.2548 17.0433 -65.4092 0.592013 0.253546 -0.500003 0.865986 -0.008042
-3.84327 17.0998 -71.2037 0.596912 0.173522 -1e-06 0.910737 -0.412987
-4.2548 16.9895 -71.2026 0.592116 0.173517 -0.457269 0.788217 -0.411848
-3.84327 17.1536 -65.4102 0.596919 0.253551 0 0.999957 -0.009286
-3.43173 17.0433 -65.4092 0.601822 0.253546 0.5 0.865988 -0.008042
-3.84327 17.0998 -71.2037 0.596912 0.173522 -1e-06 0.910737 -0.412987
-3.84327 17.1536 -65.4102 0.596919 0.253551 0 0.999957 -0.009286
-3.43173 16.9895 -71.2026 0.601712 0.173515 0.457265 0.788219 -0.411849
-3.84327 17.0998 -71.2037 0.596912 0.173522 -1e-06 0.910737 -0.412987
-3.43173 17.0433 -65.4092 0.601822 0.253546 0.5 0.865988 -0.008042
-3.13047 16.742 -65.4064 0.606678 0.253532 0.866026 0.499978 -0.004643
-3.43173 16.9895 -71.2026 0.601712 0.173515 0.457265 0.788219 -0.411849
-3.43173 17.0433 -65.4092 0.601822 0.253546 0.5 0.865988 -0.008042
-3.13047 16.6882 -71.1998 0.606492 0.173501 0.792009 0.453491 -0.40874
-3.43173 16.9895 -71.2026 0.601712 0.173515 0.457265 0.788219 -0.411849
-3.13047 16.742 -65.4064 0.606678 0.253532 0.866026 0.499978 -0.004643
-3.0202 16.3305 -65.4025 0.611451 0.253512 1 0 -0
-3.13047 16.6882 -71.1998 0.606492 0.173501 0.792009 0.453491 -0.40874
-3.13047 16.742 -65.4064 0.606678 0.253532 0.866026 0.499978 -0.004643
-3.0202 16.2767 -71.196 0.611247 0.173485 0.914534 -0.003756 -0.404492
-3.13047 16.6882 -71.1998 0.606492 0.173501 0.792009 0.453491 -0.40874
-3.0202 16.3305 -65.4025 0.611451 0.253512 1 0 -0
-3.13047 15.919 -65.3987 0.616144 0.253493 0.866025 -0.499979 0.004643
-3.0202 16.2767 -71.196 0.611247 0.173485 0.914534 -0.003756 -0.404492
-3.0202 16.3305 -65.4025 0.611451 0.253512 1 0 -0
-3.13047 15.8652 -71.1922 0.61597 0.173464 0.792009 -0.461003 -0.400247
-3.0202 16.2767 -71.196 0.611247 0.173485 0.914534 -0.003756 -0.404492
-3.13047 15.919 -65.3987 0.616144 0.253493 0.866025 -0.499979 0.004643
-3.43173 15.6177 -65.3959 0.620765 0.253482 0.5 -0.865988 0.008042
-3.13047 15.8652 -71.1922 0.61597 0.173464 0.792009 -0.461003 -0.400247
-3.13047 15.919 -65.3987 0.616144 0.253493 0.866025 -0.499979 0.004643
-3.43173 15.5639 -71.1894 0.620669 0.173453 0.457266 -0.795732 -0.397138
-3.13047 15.8652 -71.1922 0.61597 0.173464 0.792009 -0.461003 -0.400247
-3.43173 15.6177 -65.3959 0.620765 0.253482 0.5 -0.865988 0.008042
-3.84327 15.5075 -65.3949 0.62535 0.253475 -1e-06 -0.999957 0.009286
-3.43173 15.5639 -71.1894 0.620669 0.173453 0.457266 -0.795732 -0.397138
-3.43173 15.6177 -65.3959 0.620765 0.253482 0.5 -0.865988 0.008042
-3.84327 15.4537 -71.1884 0.625355 0.173448 -2e-06 -0.918251 -0.396
-3.43173 15.5639 -71.1894 0.620669 0.173453 0.457266 -0.795732 -0.397138
-3.84327 15.5075 -65.3949 0.62535 0.253475 -1e-06 -0.999957 0.009286
-4.2548 15.6177 -65.3959 0.573045 0.253482 -0.5 -0.865988 0.008042
-3.84327 15.4537 -71.1884 0.568464 0.173448 -2e-06 -0.918251 -0.396
-3.84327 15.5075 -65.3949 0.568457 0.253478 -1e-06 -0.999957 0.009286
-4.2548 15.5639 -71.1894 0.57315 0.173455 -0.457267 -0.795731 -0.397138
-3.84327 15.4537 -71.1884 0.568464 0.173448 -2e-06 -0.918251 -0.396
-4.2548 15.6177 -65.3959 0.573045 0.253482 -0.5 -0.865988 0.008042
-4.55607 15.919 -65.3987 0.577673 0.253496 -0.866025 -0.499979 0.004643
-4.2548 15.5639 -71.1894 0.57315 0.173455 -0.457267 -0.795731 -0.397138
-4.2548 15.6177 -65.3959 0.573045 0.253482 -0.5 -0.865988 0.008042
-4.55607 15.8652 -71.1922 0.57785 0.173467 -0.792009 -0.461003 -0.400247
-4.2548 15.5639 -71.1894 0.57315 0.173455 -0.457267 -0.795731 -0.397138
-4.55607 15.919 -65.3987 0.577673 0.253496 -0.866025 -0.499979 0.004643
-4.66634 16.3305 -65.4025 0.582371 0.253514 -1 0 -0
-4.55607 15.8652 -71.1922 0.57785 0.173467 -0.792009 -0.461003 -0.400247
-4.55607 15.919 -65.3987 0.577673 0.253496 -0.866025 -0.499979 0.004643
-4.66634 16.2767 -71.196 0.582577 0.173485 -0.914534 -0.003755 -0.404493
-4.55607 15.8652 -71.1922 0.57785 0.173467 -0.792009 -0.461003 -0.400247
-4.66634 16.3305 -65.4025 0.582371 0.253514 -1 0 -0
-4.55607 16.742 -65.4064 0.587153 0.253532 -0.866027 0.499976 -0.004643
-4.66634 16.2767 -71.196 0.582577 0.173485 -0.914534 -0.003755 -0.404493
-4.66634 16.3305 -65.4025 0.582371 0.253514 -1 0 -0
-4.55607 16.6882 -71.1998 0.587334 0.173503 -0.79201 0.453489 -0.408739
-4.66634 16.2767 -71.196 0.582577 0.173485 -0.914534 -0.003755 -0.404493
-4.55607 16.742 -65.4064 0.587153 0.253532 -0.866027 0.499976 -0.004643
-4.13285 16.6658 -83.3083 0.592375 0.00625902 0.482748 -0.83853 -0.252628
-3.84327 16.1842 -81.1564 0.596626 0.035896 0 -0.009287 -0.999957
-4.34484 16.4538 -83.3064 0.587806 0.00625002 0.836148 -0.485146 -0.25591
-3.84327 16.7434 -83.309 0.596898 0.00626099 -3e-06 -0.967876 -0.251427
-3.84327 16.1842 -81.1564 0.596626 0.035896 0 -0.009287 -0.999957
-4.13285 16.6658 -83.3083 0.592375 0.00625902 0.482748 -0.83853 -0.252628
-3.55368 16.6658 -83.3083 0.601424 0.006257 -0.48275 -0.838529 -0.252628
-3.84327 16.1842 -81.1564 0.596626 0.035896 0 -0.009287 -0.999957
-3.84327 16.7434 -83.309 0.596898 0.00626099 -3e-06 -0.967876 -0.251427
-3.3417 16.4538 -83.3064 0.606002 0.00624698 -0.836147 -0.485147 -0.25591
-3.84327 16.1842 -81.1564 0.596626 0.035896 0 -0.009287 -0.999957
-3.55368 16.6658 -83.3083 0.601424 0.006257 -0.48275 -0.838529 -0.252628
-3.2641 16.1643 -83.3037 0.610681 0.00623602 -0.9655 -0.002418 -0.260393
-3.84327 16.1842 -81.1564 0.596626 0.035896 0 -0.009287 -0.999957
-3.3417 16.4538 -83.3064 0.606002 0.00624698 -0.836147 -0.485147 -0.25591
-3.3417 15.8747 -83.301 0.615479 0.00622201 -0.836149 0.480309 -0.264875
-3.84327 16.1842 -81.1564 0.596626 0.035896 0 -0.009287 -0.999957
-3.2641 16.1643 -83.3037 0.610681 0.00623602 -0.9655 -0.002418 -0.260393
-3.55368 15.6627 -83.299 0.620392 0.00621301 -0.482751 0.833692 -0.268157
-3.84327 16.1842 -81.1564 0.596626 0.035896 0 -0.009287 -0.999957
-3.3417 15.8747 -83.301 0.615479 0.00622201 -0.836149 0.480309 -0.264875
-3.84327 15.5851 -83.2983 0.56848 0.00620902 3e-06 0.96304 -0.269358
-3.84327 16.1842 -81.1564 0.596626 0.035896 0 -0.009287 -0.999957
-3.55368 15.6627 -83.299 0.620392 0.00621301 -0.482751 0.833692 -0.268157
-4.13285 15.6627 -83.299 0.573457 0.00621301 0.482753 0.833692 -0.268157
-3.84327 16.1842 -81.1564 0.596626 0.035896 0 -0.009287 -0.999957
-3.84327 15.5851 -83.2983 0.56848 0.00620902 3e-06 0.96304 -0.269358
-4.34484 15.8747 -83.301 0.578356 0.00622201 0.836148 0.48031 -0.264875
-3.84327 16.1842 -81.1564 0.596626 0.035896 0 -0.009287 -0.999957
-4.13285 15.6627 -83.299 0.573457 0.00621301 0.482753 0.833692 -0.268157
-4.42243 16.1643 -83.3037 0.583141 0.00623602 0.9655 -0.002417 -0.260393
-3.84327 16.1842 -81.1564 0.596626 0.035896 0 -0.009287 -0.999957
-4.34484 15.8747 -83.301 0.578356 0.00622201 0.836148 0.48031 -0.264875
-4.34484 16.4538 -83.3064 0.587806 0.00625002 0.836148 -0.485146 -0.25591
-3.84327 16.1842 -81.1564 0.596626 0.035896 0 -0.009287 -0.999957
-4.42243 16.1643 -83.3037 0.583141 0.00623602 0.9655 -0.002417 -0.260393
-4.2548 16.9895 -71.2026 0.592116 0.173517 -0.457269 0.788217 -0.411848
-4.42341 16.6103 -71.3407 0.587315 0.171544 -0.790691 0.452697 -0.412157
-4.55607 16.6882 -71.1998 0.587334 0.173503 -0.79201 0.453489 -0.408739
-4.17822 16.8555 -71.3429 0.592105 0.171556 -0.456507 0.786867 -0.415262
-4.42341 16.6103 -71.3407 0.587315 0.171544 -0.790691 0.452697 -0.412157
-4.2548 16.9895 -71.2026 0.592116 0.173517 -0.457269 0.788217 -0.411848
-3.84327 17.0998 -71.2037 0.596912 0.173522 -1e-06 0.910737 -0.412987
-4.17822 16.8555 -71.3429 0.592105 0.171556 -0.456507 0.786867 -0.415262
-4.2548 16.9895 -71.2026 0.592116 0.173517 -0.457269 0.788217 -0.411848
-3.84327 16.9453 -71.3438 0.596914 0.17156 0 0.909182 -0.416399
-4.17822 16.8555 -71.3429 0.592105 0.171556 -0.456507 0.786867 -0.415262
-3.84327 17.0998 -71.2037 0.596912 0.173522 -1e-06 0.910737 -0.412987
-3.43173 16.9895 -71.2026 0.601712 0.173515 0.457265 0.788219 -0.411849
-3.84327 16.9453 -71.3438 0.596914 0.17156 0 0.909182 -0.416399
-3.84327 17.0998 -71.2037 0.596912 0.173522 -1e-06 0.910737 -0.412987
-3.50832 16.8555 -71.3429 0.601722 0.171556 0.456504 0.786868 -0.415263
-3.84327 16.9453 -71.3438 0.596914 0.17156 0 0.909182 -0.416399
-3.43173 16.9895 -71.2026 0.601712 0.173515 0.457265 0.788219 -0.411849
-3.13047 16.6882 -71.1998 0.606492 0.173501 0.792009 0.453491 -0.40874
-3.50832 16.8555 -71.3429 0.601722 0.171556 0.456504 0.786868 -0.415263
-3.43173 16.9895 -71.2026 0.601712 0.173515 0.457265 0.788219 -0.411849
-3.26312 16.6103 -71.3407 0.606508 0.171544 0.79069 0.452698 -0.412158
-3.50832 16.8555 -71.3429 0.601722 0.171556 0.456504 0.786868 -0.415263
-3.13047 16.6882 -71.1998 0.606492 0.173501 0.792009 0.453491 -0.40874
-3.0202 16.2767 -71.196 0.611247 0.173485 0.914534 -0.003756 -0.404492
-3.26312 16.6103 -71.3407 0.606508 0.171544 0.79069 0.452698 -0.412158
-3.13047 16.6882 -71.1998 0.606492 0.173501 0.792009 0.453491 -0.40874
-3.17337 16.2754 -71.3375 0.611265 0.171528 0.913011 -0.003788 -0.407917
-3.26312 16.6103 -71.3407 0.606508 0.171544 0.79069 0.452698 -0.412158
-3.0202 16.2767 -71.196 0.611247 0.173485 0.914534 -0.003756 -0.404492
-3.13047 15.8652 -71.1922 0.61597 0.173464 0.792009 -0.461003 -0.400247
-3.17337 16.2754 -71.3375 0.611265 0.171528 0.913011 -0.003788 -0.407917
-3.0202 16.2767 -71.196 0.611247 0.173485 0.914534 -0.003756 -0.404492
-3.26312 15.9405 -71.3344 0.615988 0.171514 0.79069 -0.460274 -0.403679
-3.17337 16.2754 -71.3375 0.611265 0.171528 0.913011 -0.003788 -0.407917
-3.13047 15.8652 -71.1922 0.61597 0.173464 0.792009 -0.461003 -0.400247
-3.43173 15.5639 -71.1894 0.620669 0.173453 0.457266 -0.795732 -0.397138
-3.26312 15.9405 -71.3344 0.615988 0.171514 0.79069 -0.460274 -0.403679
-3.13047 15.8652 -71.1922 0.61597 0.173464 0.792009 -0.461003 -0.400247
-3.50832 15.6953 -71.3322 0.620681 0.171503 0.456505 -0.794444 -0.400576
-3.26312 15.9405 -71.3344 0.615988 0.171514 0.79069 -0.460274 -0.403679
-3.43173 15.5639 -71.1894 0.620669 0.173453 0.457266 -0.795732 -0.397138
-3.84327 15.4537 -71.1884 0.625355 0.173448 -2e-06 -0.918251 -0.396
-3.50832 15.6953 -71.3322 0.620681 0.171503 0.456505 -0.794444 -0.400576
-3.43173 15.5639 -71.1894 0.620669 0.173453 0.457266 -0.795732 -0.397138
-3.84327 15.6055 -71.3313 0.625355 0.171498 -2e-06 -0.91676 -0.399439
-3.50832 15.6953 -71.3322 0.620681 0.171503 0.456505 -0.794444 -0.400576
-3.84327 15.4537 -71.1884 0.625355 0.173448 -2e-06 -0.918251 -0.396
-4.2548 15.5639 -71.1894 0.57315 0.173455 -0.457267 -0.795731 -0.397138
-3.84327 15.6055 -71.3313 0.568464 0.171498 -2e-06 -0.91676 -0.399439
-3.84327 15.4537 -71.1884 0.568464 0.173448 -2e-06 -0.918251 -0.396
-4.17822 15.6953 -71.3322 0.573139 0.171505 -0.456506 -0.794444 -0.400575
-3.84327 15.6055 -71.3313 0.568464 0.171498 -2e-06 -0.91676 -0.399439
-4.2548 15.5639 -71.1894 0.57315 0.173455 -0.457267 -0.795731 -0.397138
-4.55607 15.8652 -71.1922 0.57785 0.173467 -0.792009 -0.461003 -0.400247
-4.17822 15.6953 -71.3322 0.573139 0.171505 -0.456506 -0.794444 -0.400575
-4.2548 15.5639 -71.1894 0.57315 0.173455 -0.457267 -0.795731 -0.397138
-4.42341 15.9405 -71.3344 0.577834 0.171514 -0.79069 -0.460273 -0.40368
-4.17822 15.6953 -71.3322 0.573139 0.171505 -0.456506 -0.794444 -0.400575
-4.55607 15.8652 -71.1922 0.57785 0.173467 -0.792009 -0.461003 -0.400247
-4.66634 16.2767 -71.196 0.582577 0.173485 -0.914534 -0.003755 -0.404493
-4.42341 15.9405 -71.3344 0.577834 0.171514 -0.79069 -0.460273 -0.40368
-4.55607 15.8652 -71.1922 0.57785 0.173467 -0.792009 -0.461003 -0.400247
-4.51316 16.2754 -71.3375 0.582556 0.171531 -0.91301 -0.003787 -0.407919
-4.42341 15.9405 -71.3344 0.577834 0.171514 -0.79069 -0.460273 -0.40368
-4.66634 16.2767 -71.196 0.582577 0.173485 -0.914534 -0.003755 -0.404493
-4.55607 16.6882 -71.1998 0.587334 0.173503 -0.79201 0.453489 -0.408739
-4.51316 16.2754 -71.3375 0.582556 0.171531 -0.91301 -0.003787 -0.407919
-4.66634 16.2767 -71.196 0.582577 0.173485 -0.914534 -0.003755 -0.404493
-4.42341 16.6103 -71.3407 0.587315 0.171544 -0.790691 0.452697 -0.412157
-4.51316 16.2754 -71.3375 0.582556 0.171531 -0.91301 -0.003787 -0.407919
-4.55607 16.6882 -71.1998 0.587334 0.173503 -0.79201 0.453489 -0.408739
-4.17822 16.8555 -71.3429 0.592105 0.171556 -0.456507 0.786867 -0.415262
-4.34484 16.4538 -83.3064 0.587806 0.00625002 -0.866001 0.499893 -0.012225
-4.42341 16.6103 -71.3407 0.587315 0.171544 -0.790691 0.452697 -0.412157
-4.13285 16.6658 -83.3083 0.592375 0.00625902 -0.499987 0.865892 -0.015623
-4.34484 16.4538 -83.3064 0.587806 0.00625002 -0.866001 0.499893 -0.012225
-4.17822 16.8555 -71.3429 0.592105 0.171556 -0.456507 0.786867 -0.415262
-3.84327 16.9453 -71.3438 0.596914 0.17156 0 0.909182 -0.416399
-4.13285 16.6658 -83.3083 0.592375 0.00625902 -0.499987 0.865892 -0.015623
-4.17822 16.8555 -71.3429 0.592105 0.171556 -0.456507 0.786867 -0.415262
-3.84327 16.7434 -83.309 0.596898 0.00626099 1e-06 0.999858 -0.016867
-4.13285 16.6658 -83.3083 0.592375 0.00625902 -0.499987 0.865892 -0.015623
-3.84327 16.9453 -71.3438 0.596914 0.17156 0 0.909182 -0.416399
-3.50832 16.8555 -71.3429 0.601722 0.171556 0.456504 0.786868 -0.415263
-3.84327 16.7434 -83.309 0.596898 0.00626099 1e-06 0.999858 -0.016867
-3.84327 16.9453 -71.3438 0.596914 0.17156 0 0.909182 -0.416399
-3.55368 16.6658 -83.3083 0.601424 0.006257 0.499986 0.865892 -0.015623
-3.84327 16.7434 -83.309 0.596898 0.00626099 1e-06 0.999858 -0.016867
-3.50832 16.8555 -71.3429 0.601722 0.171556 0.456504 0.786868 -0.415263
-3.26312 16.6103 -71.3407 0.606508 0.171544 0.79069 0.452698 -0.412158
-3.55368 16.6658 -83.3083 0.601424 0.006257 0.499986 0.865892 -0.015623
-3.50832 16.8555 -71.3429 0.601722 0.171556 0.456504 0.786868 -0.415263
-3.3417 16.4538 -83.3064 0.606002 0.00624698 0.866 0.499894 -0.012225
-3.55368 16.6658 -83.3083 0.601424 0.006257 0.499986 0.865892 -0.015623
-3.26312 16.6103 -71.3407 0.606508 0.171544 0.79069 0.452698 -0.412158
-3.17337 16.2754 -71.3375 0.611265 0.171528 0.913011 -0.003788 -0.407917
-3.3417 16.4538 -83.3064 0.606002 0.00624698 0.866 0.499894 -0.012225
-3.26312 16.6103 -71.3407 0.606508 0.171544 0.79069 0.452698 -0.412158
-3.2641 16.1643 -83.3037 0.610681 0.00623602 0.999971 -7e-05 -0.007582
-3.3417 16.4538 -83.3064 0.606002 0.00624698 0.866 0.499894 -0.012225
-3.17337 16.2754 -71.3375 0.611265 0.171528 0.913011 -0.003788 -0.407917
-3.26312 15.9405 -71.3344 0.615988 0.171514 0.79069 -0.460274 -0.403679
-3.2641 16.1643 -83.3037 0.610681 0.00623602 0.999971 -7e-05 -0.007582
-3.17337 16.2754 -71.3375 0.611265 0.171528 0.913011 -0.003788 -0.407917
-3.3417 15.8747 -83.301 0.615479 0.00622201 0.866001 -0.500033 -0.002939
-3.2641 16.1643 -83.3037 0.610681 0.00623602 0.999971 -7e-05 -0.007582
-3.26312 15.9405 -71.3344 0.615988 0.171514 0.79069 -0.460274 -0.403679
-3.50832 15.6953 -71.3322 0.620681 0.171503 0.456505 -0.794444 -0.400576
-3.3417 15.8747 -83.301 0.615479 0.00622201 0.866001 -0.500033 -0.002939
-3.26312 15.9405 -71.3344 0.615988 0.171514 0.79069 -0.460274 -0.403679
-3.55368 15.6627 -83.299 0.620392 0.00621301 0.499987 -0.866033 0.00046
-3.3417 15.8747 -83.301 0.615479 0.00622201 0.866001 -0.500033 -0.002939
-3.50832 15.6953 -71.3322 0.620681 0.171503 0.456505 -0.794444 -0.400576
-3.84327 15.6055 -71.3313 0.625355 0.171498 -2e-06 -0.91676 -0.399439
-3.55368 15.6627 -83.299 0.620392 0.00621301 0.499987 -0.866033 0.00046
-3.50832 15.6953 -71.3322 0.620681 0.171503 0.456505 -0.794444 -0.400576
-3.84327 15.5851 -83.2983 0.625373 0.00621098 -1e-06 -0.999999 0.001704
-3.55368 15.6627 -83.299 0.620392 0.00621301 0.499987 -0.866033 0.00046
-3.84327 15.6055 -71.3313 0.625355 0.171498 -2e-06 -0.91676 -0.399439
-4.17822 15.6953 -71.3322 0.573139 0.171505 -0.456506 -0.794444 -0.400575
-3.84327 15.5851 -83.2983 0.56848 0.00620902 -1e-06 -0.999999 0.001704
-3.84327 15.6055 -71.3313 0.568464 0.171498 -2e-06 -0.91676 -0.399439
-4.13285 15.6627 -83.299 0.573457 0.00621301 -0.499987 -0.866033 0.00046
-3.84327 15.5851 -83.2983 0.56848 0.00620902 -1e-06 -0.999999 0.001704
-4.17822 15.6953 -71.3322 0.573139 0.171505 -0.456506 -0.794444 -0.400575
-4.42341 15.9405 -71.3344 0.577834 0.171514 -0.79069 -0.460273 -0.40368
-4.13285 15.6627 -83.299 0.573457 0.00621301 -0.499987 -0.866033 0.00046
-4.17822 15.6953 -71.3322 0.573139 0.171505 -0.456506 -0.794444 -0.400575
-4.34484 15.8747 -83.301 0.578356 0.00622201 -0.866001 -0.500034 -0.002939
-4.13285 15.6627 -83.299 0.573457 0.00621301 -0.499987 -0.866033 0.00046
-4.42341 15.9405 -71.3344 0.577834 0.171514 -0.79069 -0.460273 -0.40368
-4.51316 16.2754 -71.3375 0.582556 0.171531 -0.91301 -0.003787 -0.407919
-4.34484 15.8747 -83.301 0.578356 0.00622201 -0.866001 -0.500034 -0.002939
-4.42341 15.9405 -71.3344 0.577834 0.171514 -0.79069 -0.460273 -0.40368
-4.42243 16.1643 -83.3037 0.583141 0.00623602 -0.999971 -7e-05 -0.007582
-4.34484 15.8747 -83.301 0.578356 0.00622201 -0.866001 -0.500034 -0.002939
-4.51316 16.2754 -71.3375 0.582556 0.171531 -0.91301 -0.003787 -0.407919
-4.42341 16.6103 -71.3407 0.587315 0.171544 -0.790691 0.452697 -0.412157
-4.42243 16.1643 -83.3037 0.583141 0.00623602 -0.999971 -7e-05 -0.007582
-4.51316 16.2754 -71.3375 0.582556 0.171531 -0.91301 -0.003787 -0.407919
-4.34484 16.4538 -83.3064 0.587806 0.00625002 -0.866001 0.499893 -0.012225
-4.42243 16.1643 -83.3037 0.583141 0.00623602 -0.999971 -7e-05 -0.007582
-4.42341 16.6103 -71.3407 0.587315 0.171544 -0.790691 0.452697 -0.412157
