Vertex Count: 1452

Data:

7.58768 48.8421 -2.43922 0.742255 0.380247 0 0.006444 0.999979
7.73229 48.8421 -2.43922 0.742255 0.371955 0 0.006444 0.999979
7.66661 51.2872 -2.45498 0.602035 0.375721 0 0.006444 0.999979
7.65998 48.8408 -2.58385 0.742255 0.376101 0 -0.999957 0.009263
7.73229 48.8421 -2.43922 0.742255 0.371955 0 -0.999957 0.009263
7.58768 48.8421 -2.43922 0.742255 0.380247 0 -0.999957 0.009263
7.66661 51.2872 -2.45498 0.602035 0.375721 0.894175 0.021135 -0.447219
7.73229 48.8421 -2.43922 0.742255 0.371955 0.894175 0.021135 -0.447219
7.65998 48.8408 -2.58385 0.742255 0.376101 0.894175 0.021135 -0.447219
7.66661 51.2872 -2.45498 0.602035 0.375721 -0.894052 0.02598 -0.447209
7.65998 48.8408 -2.58385 0.742255 0.376101 -0.894052 0.02598 -0.447209
7.58768 48.8421 -2.43922 0.742255 0.380247 -0.894052 0.02598 -0.447209
12.3783 48.8421 -2.43922 0.742255 0.380247 0 0.006444 0.999979
12.5229 48.8421 -2.43922 0.742255 0.371955 0 0.006444 0.999979
12.4572 51.2872 -2.45498 0.602035 0.375721 0 0.006444 0.999979
12.4506 48.8408 -2.58385 0.742255 0.376101 0 -0.999957 0.009286
12.5229 48.8421 -2.43922 0.742255 0.371955 0 -0.999957 0.009286
12.3783 48.8421 -2.43922 0.742255 0.380247 0 -0.999957 0.009286
12.4572 51.2872 -2.45498 0.602035 0.375721 0.894172 0.021135 -0.447224
12.5229 48.8421 -2.43922 0.742255 0.371955 0.894172 0.021135 -0.447224
12.4506 48.8408 -2.58385 0.742255 0.376101 0.894172 0.021135 -0.447224
12.4572 51.2872 -2.45498 0.602035 0.375721 -0.894052 0.025981 -0.447209
12.4506 48.8408 -2.58385 0.742255 0.376101 -0.894052 0.025981 -0.447209
12.3783 48.8421 -2.43922 0.742255 0.380247 -0.894052 0.025981 -0.447209
8.81679 21.1549 -8.26843 0.757837 0.360244 0.57403 -0.788418 -0.221106
9.40271 22.3207 -6.718 0.748992 0.353361 0.950755 -0.30993 0.002878
8.81679 21.1694 -6.70731 0.757837 0.353361 0.339114 -0.545979 0.7661
9.40271 22.3013 -8.80576 0.748992 0.362566 0.907439 -0.198631 -0.370271
9.40271 22.3207 -6.718 0.748992 0.353361 0.950755 -0.30993 0.002878
8.81679 21.1549 -8.26843 0.757837 0.360244 0.57403 -0.788418 -0.221106
8.086 21.1482 -8.99366 0.757837 0.346968 0.138431 -0.813522 -0.564817
7.01327 22.2946 -9.53098 0.748992 0.351698 -0.56656 -0.34142 -0.749961
8.67192 22.2946 -9.53098 0.748992 0.344385 0.414484 -0.354552 -0.83815
7.36895 21.1482 -8.99366 0.757837 0.35013 -0.655291 -0.690867 -0.305445
7.01327 22.2946 -9.53098 0.748992 0.351698 -0.56656 -0.34142 -0.749961
8.086 21.1482 -8.99366 0.757837 0.346968 0.138431 -0.813522 -0.564817
7.01327 22.3207 -6.718 0.749693 0.342637 0 0.009286 0.999957
9.40271 23.3808 -6.72784 0.757837 0.332102 0.485071 0.73208 0.478294
6.69881 23.3808 -6.72784 0.757837 0.344023 -0.869539 0.199765 0.451659
9.40271 22.3207 -6.718 0.749693 0.332102 0 0.009286 0.999957
9.40271 23.3808 -6.72784 0.757837 0.332102 0.485071 0.73208 0.478294
7.01327 22.3207 -6.718 0.749693 0.342637 0 0.009286 0.999957
7.36895 21.1694 -6.70731 0.740702 0.360737 0 -0.945706 0.325023
8.81679 21.1549 -8.26843 0.733819 0.354354 0.57403 -0.788418 -0.221106
8.81679 21.1694 -6.70731 0.740702 0.354354 0.339114 -0.545979 0.7661
8.086 21.1482 -8.99366 0.730621 0.357576 0.138431 -0.813522 -0.564817
7.36895 21.1694 -6.70731 0.740702 0.360737 0 -0.945706 0.325023
7.36895 21.1482 -8.99366 0.730621 0.360737 -0.655291 -0.690867 -0.305445
8.81679 21.1549 -8.26843 0.733819 0.354354 0.57403 -0.788418 -0.221106
7.36895 21.1694 -6.70731 0.740702 0.360737 0 -0.945706 0.325023
8.086 21.1482 -8.99366 0.730621 0.357576 0.138431 -0.813522 -0.564817
8.69944 23.3547 -9.54083 0.740847 0.344264 0.337034 0.46215 -0.820259
7.01327 22.2946 -9.53098 0.748992 0.351698 -0.56656 -0.34142 -0.749961
6.69881 23.3547 -9.54083 0.740847 0.353085 -0.43477 0.773778 -0.460699
8.67192 22.2946 -9.53098 0.748992 0.344385 0.414484 -0.354552 -0.83815
7.01327 22.2946 -9.53098 0.748992 0.351698 -0.56656 -0.34142 -0.749961
8.69944 23.3547 -9.54083 0.740847 0.344264 0.337034 0.46215 -0.820259
7.01327 22.3207 -6.718 0.731856 0.341987 -0.955449 -0.295145 0.002741
7.36895 21.1482 -8.99366 0.740702 0.331906 -0.655291 -0.690867 -0.305445
7.36895 21.1694 -6.70731 0.740702 0.341987 -0.955449 -0.295145 0.002741
7.01327 22.2946 -9.53098 0.731856 0.329584 -0.56656 -0.34142 -0.749961
7.36895 21.1482 -8.99366 0.740702 0.331906 -0.655291 -0.690867 -0.305445
7.01327 22.3207 -6.718 0.731856 0.341987 -0.955449 -0.295145 0.002741
9.40271 22.3013 -8.80576 0.748992 0.362566 0.907439 -0.198631 -0.370271
9.40271 23.3808 -6.72784 0.740847 0.353361 0.485071 0.73208 0.478294
9.40271 22.3207 -6.718 0.748992 0.353361 0.950755 -0.30993 0.002878
9.40271 23.3612 -8.83758 0.740847 0.362663 0.81521 0.467403 -0.342005
9.40271 23.3808 -6.72784 0.740847 0.353361 0.485071 0.73208 0.478294
9.40271 22.3013 -8.80576 0.748992 0.362566 0.907439 -0.198631 -0.370271
7.01327 22.3207 -6.718 0.749693 0.342637 0 0.009286 0.999957
8.81679 21.1694 -6.70731 0.740847 0.334685 0.339114 -0.545979 0.7661
9.40271 22.3207 -6.718 0.749693 0.332102 0 0.009286 0.999957
7.36895 21.1694 -6.70731 0.740847 0.341069 0 -0.945706 0.325023
8.81679 21.1694 -6.70731 0.740847 0.334685 0.339114 -0.545979 0.7661
7.01327 22.3207 -6.718 0.749693 0.342637 0 0.009286 0.999957
8.67192 22.2946 -9.53098 0.748991 0.365764 0.414484 -0.354552 -0.83815
8.81679 21.1549 -8.26843 0.757837 0.360244 0.57403 -0.788418 -0.221106
8.086 21.1482 -8.99366 0.757837 0.363441 0.138431 -0.813522 -0.564817
9.40271 22.3013 -8.80576 0.748992 0.362566 0.907439 -0.198631 -0.370271
8.81679 21.1549 -8.26843 0.757837 0.360244 0.57403 -0.788418 -0.221106
8.67192 22.2946 -9.53098 0.748991 0.365764 0.414484 -0.354552 -0.83815
6.69881 23.3808 -6.72784 0.723712 0.341987 -0.869539 0.199765 0.451659
7.01327 22.2946 -9.53098 0.731856 0.329584 -0.56656 -0.34142 -0.749961
7.01327 22.3207 -6.718 0.731856 0.341987 -0.958711 -0.284371 0.002641
6.69881 23.3547 -9.54083 0.723712 0.329584 -0.43477 0.773778 -0.460699
7.01327 22.2946 -9.53098 0.731856 0.329584 -0.56656 -0.34142 -0.749961
6.69881 23.3808 -6.72784 0.723712 0.341987 -0.869539 0.199765 0.451659
9.40271 23.3808 -6.72784 0.728299 0.34221 0.485071 0.73208 0.478294
6.69881 23.3547 -9.54083 0.740702 0.354131 -0.43477 0.773778 -0.460699
6.69881 23.3808 -6.72784 0.728299 0.354131 -0.869539 0.199765 0.451659
9.40271 23.3808 -6.72784 0.728299 0.34221 0.485071 0.73208 0.478294
8.69944 23.3547 -9.54083 0.740702 0.34531 0.337034 0.46215 -0.820259
6.69881 23.3547 -9.54083 0.740702 0.354131 -0.43477 0.773778 -0.460699
8.69944 23.3547 -9.54083 0.740702 0.34531 0.337034 0.46215 -0.820259
9.40271 23.3808 -6.72784 0.728299 0.34221 0.485071 0.73208 0.478294
9.40271 23.3612 -8.83758 0.737602 0.34221 0.81521 0.467403 -0.342005
9.40271 22.3013 -8.80576 0.748992 0.362566 0.907439 -0.198631 -0.370271
8.69944 23.3547 -9.54083 0.740847 0.365764 0.337034 0.46215 -0.820259
9.40271 23.3612 -8.83758 0.740847 0.362663 0.81521 0.467403 -0.342005
8.67192 22.2946 -9.53098 0.748991 0.365764 0.414484 -0.354552 -0.83815
8.69944 23.3547 -9.54083 0.740847 0.365764 0.337034 0.46215 -0.820259
9.40271 22.3013 -8.80576 0.748992 0.362566 0.907439 -0.198631 -0.370271
7.40862 16.8208 68.3232 0.720204 0.359619 -0.652449 0.059439 -0.755498
7.40862 17.2195 79.4982 0.670154 0.366194 -1 0 -0
7.40862 18.6557 79.2572 0.670154 0.359619 -0.871048 0.484425 -0.08129
7.40862 15.3847 68.5641 0.720204 0.366193 -0.408248 -0.8728 -0.267494
7.40862 17.2195 79.4982 0.670154 0.366194 -1 0 -0
7.40862 16.8208 68.3232 0.720204 0.359619 -0.652449 0.059439 -0.755498
9.35029 18.6557 79.2572 0.691789 0.346303 0.911639 0.405324 -0.068016
9.35029 15.3847 68.5641 0.641739 0.352877 0.666667 -0.439066 -0.60231
9.35029 16.8208 68.3232 0.641739 0.346303 0.569654 0.240557 -0.785892
9.35029 17.2195 79.4982 0.691789 0.352877 1 1e-06 -0
9.35029 15.3847 68.5641 0.641739 0.352877 0.666667 -0.439066 -0.60231
9.35029 18.6557 79.2572 0.691789 0.346303 0.911639 0.405324 -0.068016
9.35029 19.654 85.2068 0.582168 0.346027 0.783354 0.280897 0.554485
7.40862 17.1584 84.3572 0.590933 0.356503 -0.447219 -0.288257 0.846701
9.35029 17.1584 84.3572 0.582168 0.356503 0.894427 -0.144128 0.423352
8.80097 20.1761 85.3845 0.584648 0.343835 0.323946 0.528668 0.784582
7.40862 17.1584 84.3572 0.590933 0.356503 -0.447219 -0.288257 0.846701
9.35029 19.654 85.2068 0.582168 0.346027 0.783354 0.280897 0.554485
7.95794 20.1761 85.3845 0.588453 0.343836 -0.254338 0.793827 0.552405
7.40862 17.1584 84.3572 0.590933 0.356503 -0.447219 -0.288257 0.846701
8.80097 20.1761 85.3845 0.584648 0.343835 0.323946 0.528668 0.784582
7.95794 20.1761 85.3845 0.588453 0.343836 -0.254338 0.793827 0.552405
7.40862 19.654 85.2068 0.590933 0.346027 -0.864651 0.429931 0.25988
7.40862 17.1584 84.3572 0.590933 0.356503 -0.447219 -0.288257 0.846701
7.40862 16.4672 80.238 0.701349 0.338988 0 -0.986211 0.165493
9.35029 17.1584 84.3572 0.720204 0.330222 0 -0.986211 0.165493
7.40862 17.1584 84.3572 0.720204 0.338988 0 -0.986211 0.165493
9.35029 16.4672 80.238 0.701349 0.330223 0 -0.986211 0.165493
9.35029 17.1584 84.3572 0.720204 0.330222 0 -0.986211 0.165493
7.40862 16.4672 80.238 0.701349 0.338988 0 -0.986211 0.165493
7.40862 18.7558 79.8539 0.667422 0.35962 -0.936169 0.346702 -0.058179
7.40862 17.1584 84.3572 0.648567 0.370095 -0.447219 -0.288257 0.846701
7.40862 19.654 85.2068 0.64292 0.35962 -0.864651 0.429931 0.25988
7.40862 16.4672 80.238 0.667422 0.370095 -1 0 -0
7.40862 17.1584 84.3572 0.648567 0.370095 -0.447219 -0.288257 0.846701
7.40862 18.7558 79.8539 0.667422 0.35962 -0.936169 0.346702 -0.058179
9.35029 18.7558 79.8539 0.69452 0.346303 0.962593 0.267215 -0.04484
9.35029 17.2195 79.4982 0.691789 0.352877 1 1e-06 -0
9.35029 18.6557 79.2572 0.691789 0.346303 0.911639 0.405324 -0.068016
9.35029 16.4672 80.238 0.694521 0.356779 1 0 -0
9.35029 17.2195 79.4982 0.691789 0.352877 1 1e-06 -0
9.35029 18.7558 79.8539 0.69452 0.346303 0.962593 0.267215 -0.04484
7.40862 18.7558 79.8539 0.667422 0.35962 -0.936169 0.346702 -0.058179
7.40862 17.2195 79.4982 0.670154 0.366194 -1 0 -0
7.40862 16.4672 80.238 0.667422 0.370095 -1 0 -0
7.40862 18.6557 79.2572 0.670154 0.359619 -0.871048 0.484425 -0.08129
7.40862 17.2195 79.4982 0.670154 0.366194 -1 0 -0
7.40862 18.7558 79.8539 0.667422 0.35962 -0.936169 0.346702 -0.058179
7.40862 15.3847 68.5641 0.648567 0.338988 -0.408248 -0.8728 -0.267494
9.35029 17.2195 79.4982 0.698617 0.330223 0 -0.986211 0.165493
7.40862 17.2195 79.4982 0.698617 0.338988 0 -0.986211 0.165493
9.35029 15.3847 68.5641 0.648567 0.330223 0.666667 -0.439066 -0.60231
9.35029 17.2195 79.4982 0.698617 0.330223 0 -0.986211 0.165493
7.40862 15.3847 68.5641 0.648567 0.338988 -0.408248 -0.8728 -0.267494
9.35029 18.7558 79.8539 0.69452 0.346303 0.962593 0.267215 -0.04484
9.35029 17.1584 84.3572 0.713376 0.356779 0.894427 -0.144128 0.423352
9.35029 16.4672 80.238 0.694521 0.356779 1 0 -0
9.35029 19.654 85.2068 0.719023 0.346303 0.783354 0.280897 0.554485
9.35029 17.1584 84.3572 0.713376 0.356779 0.894427 -0.144128 0.423352
9.35029 18.7558 79.8539 0.69452 0.346303 0.962593 0.267215 -0.04484
7.95794 19.2345 79.7736 0.667422 0.343481 -0.354013 0.922344 -0.154776
8.80097 19.1344 79.1769 0.670154 0.339675 0.35401 0.922346 -0.154777
7.95794 19.1344 79.1769 0.670154 0.343481 -0.354012 0.922345 -0.154776
8.80097 19.2345 79.7736 0.667422 0.339675 0.403995 0.902148 -0.151387
8.80097 19.1344 79.1769 0.670154 0.339675 0.35401 0.922346 -0.154777
7.95794 19.2345 79.7736 0.667422 0.343481 -0.354013 0.922344 -0.154776
7.40862 17.2195 79.4982 0.698617 0.338988 0 -0.70113 -0.713033
9.35029 16.4672 80.238 0.701349 0.330223 0 -0.70113 -0.713033
7.40862 16.4672 80.238 0.701349 0.338988 0 -0.70113 -0.713033
9.35029 17.2195 79.4982 0.698617 0.330223 0 -0.70113 -0.713033
9.35029 16.4672 80.238 0.701349 0.330223 0 -0.70113 -0.713033
7.40862 17.2195 79.4982 0.698617 0.338988 0 -0.70113 -0.713033
7.95794 19.1344 79.1769 0.670154 0.343481 -0.354012 0.922345 -0.154776
8.80097 17.2996 68.2428 0.720204 0.339674 0.220756 0.848771 -0.480473
7.95794 17.2996 68.2428 0.720204 0.34348 -0.382348 0.615883 -0.688838
8.80097 19.1344 79.1769 0.670154 0.339675 0.35401 0.922346 -0.154777
8.80097 17.2996 68.2428 0.720204 0.339674 0.220756 0.848771 -0.480473
7.95794 19.1344 79.1769 0.670154 0.343481 -0.354012 0.922345 -0.154776
8.80097 19.2345 79.7736 0.667422 0.339675 0.403995 0.902148 -0.151387
7.95794 20.1761 85.3845 0.641739 0.343481 -0.254338 0.793827 0.552405
8.80097 20.1761 85.3845 0.641739 0.339675 0.323946 0.528668 0.784582
7.95794 19.2345 79.7736 0.667422 0.343481 -0.354013 0.922344 -0.154776
7.95794 20.1761 85.3845 0.641739 0.343481 -0.254338 0.793827 0.552405
8.80097 19.2345 79.7736 0.667422 0.339675 0.403995 0.902148 -0.151387
8.80097 19.1344 79.1769 0.691789 0.344112 0.35401 0.922346 -0.154777
9.35029 16.8208 68.3232 0.641739 0.346303 0.569654 0.240557 -0.785892
8.80097 17.2996 68.2428 0.641739 0.344112 0.220756 0.848771 -0.480473
9.35029 18.6557 79.2572 0.691789 0.346303 0.911639 0.405324 -0.068016
9.35029 16.8208 68.3232 0.641739 0.346303 0.569654 0.240557 -0.785892
8.80097 19.1344 79.1769 0.691789 0.344112 0.35401 0.922346 -0.154777
7.40862 16.8208 68.3232 0.621797 0.338344 -0.652449 0.059439 -0.755498
9.35029 15.3847 68.5641 0.630562 0.344918 0.666667 -0.439066 -0.60231
7.40862 15.3847 68.5641 0.621797 0.344918 -0.408248 -0.8728 -0.267494
7.40862 16.8208 68.3232 0.621797 0.338344 -0.652449 0.059439 -0.755498
9.35029 16.8208 68.3232 0.630562 0.338344 0.569654 0.240557 -0.785892
9.35029 15.3847 68.5641 0.630562 0.344918 0.666667 -0.439066 -0.60231
7.95794 17.2996 68.2428 0.624277 0.336153 -0.382348 0.615883 -0.688838
9.35029 16.8208 68.3232 0.630562 0.338344 0.569654 0.240557 -0.785892
7.40862 16.8208 68.3232 0.621797 0.338344 -0.652449 0.059439 -0.755498
7.95794 17.2996 68.2428 0.624277 0.336153 -0.382348 0.615883 -0.688838
8.80097 17.2996 68.2428 0.628083 0.336153 0.220756 0.848771 -0.480473
9.35029 16.8208 68.3232 0.630562 0.338344 0.569654 0.240557 -0.785892
8.80097 19.2345 79.7736 0.694521 0.344112 0.403995 0.902148 -0.151387
9.35029 18.6557 79.2572 0.691789 0.346303 0.911639 0.405324 -0.068016
8.80097 19.1344 79.1769 0.691789 0.344112 0.35401 0.922346 -0.154777
9.35029 18.7558 79.8539 0.69452 0.346303 0.962593 0.267215 -0.04484
9.35029 18.6557 79.2572 0.691789 0.346303 0.911639 0.405324 -0.068016
8.80097 19.2345 79.7736 0.694521 0.344112 0.403995 0.902148 -0.151387
7.40862 18.7558 79.8539 0.667422 0.35962 -0.936169 0.346702 -0.058179
7.95794 19.1344 79.1769 0.670154 0.357428 -0.354012 0.922345 -0.154776
7.40862 18.6557 79.2572 0.670154 0.359619 -0.871048 0.484425 -0.08129
7.95794 19.2345 79.7736 0.667422 0.357428 -0.354013 0.922344 -0.154776
7.95794 19.1344 79.1769 0.670154 0.357428 -0.354012 0.922345 -0.154776
7.40862 18.7558 79.8539 0.667422 0.35962 -0.936169 0.346702 -0.058179
7.95794 17.2996 68.2428 0.720204 0.357428 -0.382348 0.615883 -0.688838
7.40862 18.6557 79.2572 0.670154 0.359619 -0.871048 0.484425 -0.08129
7.95794 19.1344 79.1769 0.670154 0.357428 -0.354012 0.922345 -0.154776
7.40862 16.8208 68.3232 0.720204 0.359619 -0.652449 0.059439 -0.755498
7.40862 18.6557 79.2572 0.670154 0.359619 -0.871048 0.484425 -0.08129
7.95794 17.2996 68.2428 0.720204 0.357428 -0.382348 0.615883 -0.688838
7.40862 19.654 85.2068 0.64292 0.35962 -0.864651 0.429931 0.25988
7.95794 19.2345 79.7736 0.667422 0.357428 -0.354013 0.922344 -0.154776
7.40862 18.7558 79.8539 0.667422 0.35962 -0.936169 0.346702 -0.058179
7.95794 20.1761 85.3845 0.641738 0.357428 -0.254338 0.793827 0.552405
7.95794 19.2345 79.7736 0.667422 0.357428 -0.354013 0.922344 -0.154776
7.40862 19.654 85.2068 0.64292 0.35962 -0.864651 0.429931 0.25988
8.80097 19.2345 79.7736 0.694521 0.344112 0.403995 0.902148 -0.151387
9.35029 19.654 85.2068 0.719023 0.346303 0.783354 0.280897 0.554485
9.35029 18.7558 79.8539 0.69452 0.346303 0.962593 0.267215 -0.04484
8.80097 20.1761 85.3845 0.720204 0.344111 0.323946 0.528668 0.784582
9.35029 19.654 85.2068 0.719023 0.346303 0.783354 0.280897 0.554485
8.80097 19.2345 79.7736 0.694521 0.344112 0.403995 0.902148 -0.151387
8.26019 17.2423 67.1881 0.618503 0.339311 0 0.98822 -0.153041
8.38307 16.0681 65.3246 0.617949 0.330137 0.460303 0.627475 -0.628009
8.26019 16.0681 65.3246 0.618503 0.330137 -0.485084 0.372314 -0.791249
8.38307 17.2423 67.1881 0.617949 0.339311 0 0.937219 0.348741
8.38307 16.0681 65.3246 0.617949 0.330137 0.460303 0.627475 -0.628009
8.26019 17.2423 67.1881 0.618503 0.339311 0 0.98822 -0.153041
8.17702 15.5506 67.9914 0.613667 0.336494 -0.464429 -0.841506 0.275997
8.46625 15.7837 69.3802 0.612362 0.330137 0.304943 -0.939238 0.157612
8.17702 15.7837 69.3802 0.613667 0.330137 -0.304942 -0.939238 0.157612
8.46625 15.5506 67.9914 0.612362 0.336494 0.452436 -0.760847 0.465201
8.46625 15.7837 69.3802 0.612362 0.330137 0.304943 -0.939238 0.157612
8.17702 15.5506 67.9914 0.613667 0.336494 -0.464429 -0.841506 0.275997
8.46625 15.4763 67.4845 0.611518 0.350661 0.793975 -0.605583 0.053613
8.38307 14.787 67.6001 0.614674 0.350661 0.992661 -0.120779 -0.005999
8.38307 15.2886 65.4554 0.610838 0.359835 0.491791 -0.603663 -0.627481
8.17702 16.8813 69.196 0.618879 0.347981 -0.285316 0.945218 -0.158615
8.46625 16.6482 67.8072 0.617573 0.341623 0.446027 0.89488 -0.015802
8.17702 16.6482 67.8072 0.618879 0.341623 -0.437435 0.879094 0.189328
8.46625 16.8813 69.196 0.617574 0.34798 0.285315 0.945218 -0.158615
8.46625 16.6482 67.8072 0.617573 0.341623 0.446027 0.89488 -0.015802
8.17702 16.8813 69.196 0.618879 0.347981 -0.285316 0.945218 -0.158615
8.26019 14.787 67.6001 0.613292 0.338807 0 -0.772047 0.635565
8.46625 15.5506 67.9914 0.612362 0.336494 0.452436 -0.760847 0.465201
8.17702 15.5506 67.9914 0.613667 0.336494 -0.464429 -0.841506 0.275997
8.38307 14.787 67.6001 0.612737 0.338806 0 -0.984045 0.177918
8.46625 15.5506 67.9914 0.612362 0.336494 0.452436 -0.760847 0.465201
8.26019 14.787 67.6001 0.613292 0.338807 0 -0.772047 0.635565
8.26019 17.2423 67.1881 0.61524 0.357522 -0.992661 0.112204 -0.045096
8.17702 16.5529 67.3038 0.618395 0.357522 -0.777068 0.610979 -0.151224
8.17702 16.6482 67.8072 0.618347 0.359835 -0.437435 0.879094 0.189328
8.17702 16.6482 67.8072 0.618879 0.341623 -0.437435 0.879094 0.189328
8.38307 17.2423 67.1881 0.617949 0.339311 0 0.937219 0.348741
8.26019 17.2423 67.1881 0.618503 0.339311 0 0.98822 -0.153041
8.46625 16.6482 67.8072 0.617573 0.341623 0.446027 0.89488 -0.015802
8.38307 17.2423 67.1881 0.617949 0.339311 0 0.937219 0.348741
8.17702 16.6482 67.8072 0.618879 0.341623 -0.437435 0.879094 0.189328
8.46625 16.6482 67.8072 0.648199 0.331867 0.446027 0.89488 -0.015802
8.46625 16.5529 67.3038 0.645887 0.331915 0.777068 0.61098 -0.151224
8.38307 17.2423 67.1881 0.645887 0.32876 0.992661 0.112205 -0.045096
8.26019 15.2886 65.4554 0.613292 0.34798 -0.467387 -0.7932 -0.390364
8.38307 14.787 67.6001 0.612737 0.338806 0 -0.984045 0.177918
8.26019 14.787 67.6001 0.613292 0.338807 0 -0.772047 0.635565
8.38307 15.2886 65.4554 0.612738 0.34798 0.491791 -0.603663 -0.627481
8.38307 14.787 67.6001 0.612737 0.338806 0 -0.984045 0.177918
8.26019 15.2886 65.4554 0.613292 0.34798 -0.467387 -0.7932 -0.390364
8.26019 16.0681 65.3246 0.619074 0.348348 -0.485084 0.372314 -0.791249
8.17702 16.5529 67.3038 0.618395 0.357522 -0.777068 0.610979 -0.151224
8.26019 17.2423 67.1881 0.61524 0.357522 -0.992661 0.112204 -0.045096
8.26019 16.0681 65.3246 0.598966 0.360238 -0.485084 0.372314 -0.791249
8.58058 15.8724 65.3575 0.59752 0.359342 0.648975 0.192679 -0.736007
8.06268 15.8724 65.3575 0.599858 0.359342 -0.648977 0.192671 -0.736008
8.38307 16.0681 65.3246 0.598412 0.360238 0.460303 0.627475 -0.628009
8.58058 15.8724 65.3575 0.59752 0.359342 0.648975 0.192679 -0.736007
8.26019 16.0681 65.3246 0.598966 0.360238 -0.485084 0.372314 -0.791249
7.81264 16.0401 69.3371 0.60507 0.365033 0 0.165488 0.986212
8.83062 16.6465 69.2354 0.600474 0.362257 0 0.165498 0.98621
7.81264 16.6465 69.2354 0.60507 0.362257 0 0.165504 0.986209
8.83062 16.0401 69.3371 0.600474 0.365033 0 0.165485 0.986212
8.83062 16.6465 69.2354 0.600474 0.362257 0 0.165498 0.98621
7.81264 16.0401 69.3371 0.60507 0.365033 0 0.165488 0.986212
8.58058 15.8724 65.3575 0.617057 0.330137 0.648975 0.192679 -0.736007
8.46625 16.5529 67.3038 0.617573 0.339311 0.777068 0.61098 -0.151224
8.83062 16.3287 67.3414 0.615928 0.339311 0.921372 0.370666 -0.116963
8.38307 16.0681 65.3246 0.617949 0.330137 0.460303 0.627475 -0.628009
8.46625 16.5529 67.3038 0.617573 0.339311 0.777068 0.61098 -0.151224
8.58058 15.8724 65.3575 0.617057 0.330137 0.648975 0.192679 -0.736007
8.17702 16.8813 69.196 0.618879 0.347981 -0.285316 0.945218 -0.158615
7.81264 16.4134 67.8466 0.620524 0.341623 -0.838498 0.536917 -0.092957
7.81264 16.6465 69.2354 0.620524 0.34798 -0.949994 0.307964 -0.051678
8.17702 16.6482 67.8072 0.618879 0.341623 -0.437435 0.879094 0.189328
7.81264 16.4134 67.8466 0.620524 0.341623 -0.838498 0.536917 -0.092957
8.17702 16.8813 69.196 0.618879 0.347981 -0.285316 0.945218 -0.158615
8.83062 16.0401 69.3371 0.610101 0.330137 0.953686 -0.296655 0.049781
8.83062 16.4134 67.8466 0.607325 0.336495 0.877823 0.471824 -0.082522
8.83062 16.6465 69.2354 0.607325 0.330137 0.780993 0.615928 -0.103357
8.83062 15.807 67.9483 0.610101 0.336494 0.851567 -0.517459 0.084084
8.83062 16.4134 67.8466 0.607325 0.336495 0.877823 0.471824 -0.082522
8.83062 16.0401 69.3371 0.610101 0.330137 0.953686 -0.296655 0.049781
7.81264 15.7223 67.4432 0.606686 0.339311 -0.949783 -0.31254 -0.015195
7.81264 16.4134 67.8466 0.603911 0.341623 -0.838498 0.536917 -0.092957
7.81264 16.3287 67.3414 0.603911 0.339311 -0.87241 0.46612 -0.147083
7.81264 15.807 67.9483 0.606686 0.341623 -0.88756 -0.454853 0.07311
7.81264 16.4134 67.8466 0.603911 0.341623 -0.838498 0.536917 -0.092957
7.81264 15.7223 67.4432 0.606686 0.339311 -0.949783 -0.31254 -0.015195
8.83062 15.807 67.9483 0.610101 0.336494 0.851567 -0.517459 0.084084
8.83062 16.3287 67.3414 0.607325 0.338807 0.921372 0.370666 -0.116963
8.83062 16.4134 67.8466 0.607325 0.336495 0.877823 0.471824 -0.082522
8.83062 15.7223 67.4432 0.610101 0.338807 0.925383 -0.378586 -0.018406
8.83062 16.3287 67.3414 0.607325 0.338807 0.921372 0.370666 -0.116963
8.83062 15.807 67.9483 0.610101 0.336494 0.851567 -0.517459 0.084084
8.06268 15.8724 65.3575 0.604459 0.330137 -0.648977 0.192671 -0.736008
7.81264 15.7223 67.4432 0.606686 0.339311 -0.949783 -0.31254 -0.015195
7.81264 16.3287 67.3414 0.603911 0.339311 -0.87241 0.46612 -0.147083
8.06268 15.4976 65.4204 0.606175 0.330137 -0.531299 -0.471873 -0.703602
7.81264 15.7223 67.4432 0.606686 0.339311 -0.949783 -0.31254 -0.015195
8.06268 15.8724 65.3575 0.604459 0.330137 -0.648977 0.192671 -0.736008
8.06268 15.8724 65.3575 0.599858 0.359342 -0.648977 0.192671 -0.736008
8.58058 15.4976 65.4204 0.59752 0.357627 0.531297 -0.471883 -0.703599
8.06268 15.4976 65.4204 0.599858 0.357627 -0.531299 -0.471873 -0.703602
8.58058 15.8724 65.3575 0.59752 0.359342 0.648975 0.192679 -0.736007
8.58058 15.4976 65.4204 0.59752 0.357627 0.531297 -0.471883 -0.703599
8.06268 15.8724 65.3575 0.599858 0.359342 -0.648977 0.192671 -0.736008
8.58058 15.8724 65.3575 0.607874 0.34798 0.648975 0.192679 -0.736007
8.83062 15.7223 67.4432 0.610101 0.338807 0.925383 -0.378586 -0.018406
8.58058 15.4976 65.4204 0.60959 0.34798 0.531297 -0.471883 -0.703599
8.83062 16.3287 67.3414 0.607325 0.338807 0.921372 0.370666 -0.116963
8.83062 15.7223 67.4432 0.610101 0.338807 0.925383 -0.378586 -0.018406
8.58058 15.8724 65.3575 0.607874 0.34798 0.648975 0.192679 -0.736007
7.81264 16.6465 69.2354 0.603911 0.34798 -0.949994 0.307964 -0.051678
7.81264 15.807 67.9483 0.606686 0.341623 -0.88756 -0.454853 0.07311
7.81264 16.0401 69.3371 0.606687 0.34798 -0.798795 -0.593308 0.099562
7.81264 16.4134 67.8466 0.603911 0.341623 -0.838498 0.536917 -0.092957
7.81264 15.807 67.9483 0.606686 0.341623 -0.88756 -0.454853 0.07311
7.81264 16.6465 69.2354 0.603911 0.34798 -0.949994 0.307964 -0.051678
8.17702 15.7837 69.3802 0.603425 0.366207 0 0.165481 0.986213
8.83062 16.0401 69.3371 0.600474 0.365033 0 0.165485 0.986212
7.81264 16.0401 69.3371 0.60507 0.365033 0 0.165488 0.986212
8.46625 15.7837 69.3802 0.602119 0.366207 0 0.165481 0.986213
8.83062 16.0401 69.3371 0.600474 0.365033 0 0.165485 0.986212
8.17702 15.7837 69.3802 0.603425 0.366207 0 0.165481 0.986213
8.46625 15.7837 69.3802 0.612362 0.330137 0.304943 -0.939238 0.157612
8.83062 15.807 67.9483 0.610716 0.336494 0.851567 -0.517459 0.084084
8.83062 16.0401 69.3371 0.610717 0.330137 0.953686 -0.296655 0.049781
8.46625 15.5506 67.9914 0.612362 0.336494 0.452436 -0.760847 0.465201
8.83062 15.807 67.9483 0.610716 0.336494 0.851567 -0.517459 0.084084
8.46625 15.7837 69.3802 0.612362 0.330137 0.304943 -0.939238 0.157612
8.17702 15.4763 67.4845 0.613667 0.338807 -0.793975 -0.605581 0.053613
7.81264 15.807 67.9483 0.615313 0.336494 -0.88756 -0.454853 0.07311
7.81264 15.7223 67.4432 0.615313 0.338807 -0.949783 -0.31254 -0.015195
8.17702 15.5506 67.9914 0.613667 0.336494 -0.464429 -0.841506 0.275997
7.81264 15.807 67.9483 0.615313 0.336494 -0.88756 -0.454853 0.07311
8.17702 15.4763 67.4845 0.613667 0.338807 -0.793975 -0.605581 0.053613
8.83062 15.807 67.9483 0.610716 0.336494 0.851567 -0.517459 0.084084
8.46625 15.4763 67.4845 0.612362 0.338806 0.793975 -0.605583 0.053613
8.83062 15.7223 67.4432 0.610717 0.338807 0.925383 -0.378586 -0.018406
8.46625 15.5506 67.9914 0.612362 0.336494 0.452436 -0.760847 0.465201
8.46625 15.4763 67.4845 0.612362 0.338806 0.793975 -0.605583 0.053613
8.83062 15.807 67.9483 0.610716 0.336494 0.851567 -0.517459 0.084084
8.06268 15.4976 65.4204 0.614184 0.34798 -0.531299 -0.471873 -0.703602
8.17702 15.4763 67.4845 0.613667 0.338807 -0.793975 -0.605581 0.053613
7.81264 15.7223 67.4432 0.615313 0.338807 -0.949783 -0.31254 -0.015195
8.26019 15.2886 65.4554 0.613292 0.34798 -0.467387 -0.7932 -0.390364
8.17702 15.4763 67.4845 0.613667 0.338807 -0.793975 -0.605581 0.053613
8.06268 15.4976 65.4204 0.614184 0.34798 -0.531299 -0.471873 -0.703602
7.81264 16.6465 69.2354 0.60507 0.362257 0 0.165504 0.986209
8.46625 16.8813 69.196 0.602119 0.361183 0 0.165511 0.986208
8.17702 16.8813 69.196 0.603424 0.361183 0 0.165511 0.986208
8.83062 16.6465 69.2354 0.600474 0.362257 0 0.165498 0.98621
8.46625 16.8813 69.196 0.602119 0.361183 0 0.165511 0.986208
7.81264 16.6465 69.2354 0.60507 0.362257 0 0.165504 0.986209
8.83062 16.6465 69.2354 0.615929 0.34798 0.780993 0.615928 -0.103357
8.46625 16.6482 67.8072 0.617573 0.341623 0.446027 0.89488 -0.015802
8.46625 16.8813 69.196 0.617574 0.34798 0.285315 0.945218 -0.158615
8.83062 16.4134 67.8466 0.615928 0.341623 0.877823 0.471824 -0.082522
8.46625 16.6482 67.8072 0.617573 0.341623 0.446027 0.89488 -0.015802
8.83062 16.6465 69.2354 0.615929 0.34798 0.780993 0.615928 -0.103357
8.17702 16.5529 67.3038 0.618879 0.339311 -0.777068 0.610979 -0.151224
7.81264 16.4134 67.8466 0.620524 0.341623 -0.838498 0.536917 -0.092957
8.17702 16.6482 67.8072 0.618879 0.341623 -0.437435 0.879094 0.189328
7.81264 16.3287 67.3414 0.620524 0.339311 -0.87241 0.46612 -0.147083
7.81264 16.4134 67.8466 0.620524 0.341623 -0.838498 0.536917 -0.092957
8.17702 16.5529 67.3038 0.618879 0.339311 -0.777068 0.610979 -0.151224
8.83062 16.4134 67.8466 0.615928 0.341623 0.877823 0.471824 -0.082522
8.46625 16.5529 67.3038 0.617573 0.339311 0.777068 0.61098 -0.151224
8.46625 16.6482 67.8072 0.617573 0.341623 0.446027 0.89488 -0.015802
8.83062 16.3287 67.3414 0.615928 0.339311 0.921372 0.370666 -0.116963
8.46625 16.5529 67.3038 0.617573 0.339311 0.777068 0.61098 -0.151224
8.83062 16.4134 67.8466 0.615928 0.341623 0.877823 0.471824 -0.082522
8.06268 15.8724 65.3575 0.619395 0.330137 -0.648977 0.192671 -0.736008
8.17702 16.5529 67.3038 0.618879 0.339311 -0.777068 0.610979 -0.151224
8.26019 16.0681 65.3246 0.618503 0.330137 -0.485084 0.372314 -0.791249
7.81264 16.3287 67.3414 0.620524 0.339311 -0.87241 0.46612 -0.147083
8.17702 16.5529 67.3038 0.618879 0.339311 -0.777068 0.610979 -0.151224
8.06268 15.8724 65.3575 0.619395 0.330137 -0.648977 0.192671 -0.736008
8.38307 17.2423 67.1881 0.645887 0.32876 0.992661 0.112205 -0.045096
8.46625 16.5529 67.3038 0.645887 0.331915 0.777068 0.61098 -0.151224
8.38307 16.0681 65.3246 0.636713 0.332595 0.460303 0.627475 -0.628009
8.06268 15.4976 65.4204 0.599858 0.357627 -0.531299 -0.471873 -0.703602
8.38307 15.2886 65.4554 0.598411 0.35667 0.491791 -0.603663 -0.627481
8.26019 15.2886 65.4554 0.598966 0.35667 -0.467387 -0.7932 -0.390364
8.58058 15.4976 65.4204 0.59752 0.357627 0.531297 -0.471883 -0.703599
8.38307 15.2886 65.4554 0.598411 0.35667 0.491791 -0.603663 -0.627481
8.06268 15.4976 65.4204 0.599858 0.357627 -0.531299 -0.471873 -0.703602
8.58058 15.4976 65.4204 0.611846 0.34798 0.531297 -0.471883 -0.703599
8.46625 15.4763 67.4845 0.612362 0.338806 0.793975 -0.605583 0.053613
8.38307 15.2886 65.4554 0.612738 0.34798 0.491791 -0.603663 -0.627481
8.83062 15.7223 67.4432 0.610717 0.338807 0.925383 -0.378586 -0.018406
8.46625 15.4763 67.4845 0.612362 0.338806 0.793975 -0.605583 0.053613
8.58058 15.4976 65.4204 0.611846 0.34798 0.531297 -0.471883 -0.703599
7.81264 16.0401 69.3371 0.615313 0.330137 -0.798795 -0.593308 0.099562
8.17702 15.5506 67.9914 0.613667 0.336494 -0.464429 -0.841506 0.275997
8.17702 15.7837 69.3802 0.613667 0.330137 -0.304942 -0.939238 0.157612
7.81264 15.807 67.9483 0.615313 0.336494 -0.88756 -0.454853 0.07311
8.17702 15.5506 67.9914 0.613667 0.336494 -0.464429 -0.841506 0.275997
7.81264 16.0401 69.3371 0.615313 0.330137 -0.798795 -0.593308 0.099562
8.26019 14.787 67.6001 0.639025 0.336996 -0.992661 -0.12078 -0.005999
8.17702 15.5506 67.9914 0.636713 0.333889 -0.464429 -0.841506 0.275997
8.17702 15.4763 67.4845 0.639025 0.33384 -0.793975 -0.605581 0.053613
8.38307 14.787 67.6001 0.614674 0.350661 0.992661 -0.120779 -0.005999
8.46625 15.4763 67.4845 0.611518 0.350661 0.793975 -0.605583 0.053613
8.46625 15.5506 67.9914 0.611566 0.348349 0.452436 -0.760847 0.465201
8.26019 14.787 67.6001 0.639025 0.336996 -0.992661 -0.12078 -0.005999
8.17702 15.4763 67.4845 0.639025 0.33384 -0.793975 -0.605581 0.053613
8.26019 15.2886 65.4554 0.648199 0.333161 -0.467387 -0.7932 -0.390364
8.9139 18.8483 86.5095 0.64137 0.359573 0.818112 -0.567129 0.095169
8.68856 18.292 84.5558 0.632257 0.36059 0.575059 -0.806831 0.135392
8.9139 18.5142 84.5185 0.632257 0.359573 0.907072 -0.41517 0.069669
8.68856 18.6261 86.5468 0.64137 0.36059 0.420977 -0.894564 0.150114
8.68856 18.292 84.5558 0.632257 0.36059 0.575059 -0.806831 0.135392
8.9139 18.8483 86.5095 0.64137 0.359573 0.818112 -0.567129 0.095169
8.68856 18.6261 86.5468 0.64137 0.36059 0.420977 -0.894564 0.150114
8.38075 18.2107 84.5694 0.632257 0.36198 0.088963 -0.982301 0.164837
8.68856 18.292 84.5558 0.632257 0.36059 0.575059 -0.806831 0.135392
8.38075 18.5448 86.5604 0.64137 0.36198 -0.088958 -0.982301 0.164837
8.38075 18.2107 84.5694 0.632257 0.36198 0.088963 -0.982301 0.164837
8.68856 18.6261 86.5468 0.64137 0.36059 0.420977 -0.894564 0.150114
8.38075 18.5448 86.5604 0.64137 0.36198 -0.088958 -0.982301 0.164837
8.07293 18.292 84.5558 0.632257 0.363369 -0.420974 -0.894565 0.150114
8.38075 18.2107 84.5694 0.632257 0.36198 0.088963 -0.982301 0.164837
8.07293 18.6261 86.5468 0.64137 0.363369 -0.575063 -0.806828 0.135392
8.07293 18.292 84.5558 0.632257 0.363369 -0.420974 -0.894565 0.150114
8.38075 18.5448 86.5604 0.64137 0.36198 -0.088958 -0.982301 0.164837
8.07293 18.6261 86.5468 0.64137 0.363369 -0.575063 -0.806828 0.135392
7.8476 18.5142 84.5185 0.632257 0.364386 -0.818112 -0.567129 0.095169
8.07293 18.292 84.5558 0.632257 0.363369 -0.420974 -0.894565 0.150114
7.8476 18.8483 86.5095 0.64137 0.364386 -0.907074 -0.415167 0.069668
7.8476 18.5142 84.5185 0.632257 0.364386 -0.818112 -0.567129 0.095169
8.07293 18.6261 86.5468 0.64137 0.363369 -0.575063 -0.806828 0.135392
7.8476 18.8483 86.5095 0.632257 0.368749 -0.907074 -0.415167 0.069668
7.76512 18.8178 84.4675 0.64137 0.367359 -0.996035 -0.087735 0.014723
7.8476 18.5142 84.5185 0.64137 0.368749 -0.818112 -0.567129 0.095169
7.76512 19.1519 86.4585 0.632257 0.367359 -0.996035 0.087736 -0.014723
7.76512 18.8178 84.4675 0.64137 0.367359 -0.996035 -0.087735 0.014723
7.8476 18.8483 86.5095 0.632257 0.368749 -0.907074 -0.415167 0.069668
7.76512 19.1519 86.4585 0.632257 0.367359 -0.996035 0.087736 -0.014723
7.8476 19.1214 84.4166 0.64137 0.36597 -0.907073 0.415168 -0.069668
7.76512 18.8178 84.4675 0.64137 0.367359 -0.996035 -0.087735 0.014723
7.8476 19.4555 86.4076 0.632257 0.36597 -0.818112 0.567129 -0.095168
7.8476 19.1214 84.4166 0.64137 0.36597 -0.907073 0.415168 -0.069668
7.76512 19.1519 86.4585 0.632257 0.367359 -0.996035 0.087736 -0.014723
7.8476 19.4555 86.4076 0.632257 0.36597 -0.818112 0.567129 -0.095168
8.07293 19.3436 84.3793 0.64137 0.364952 -0.575061 0.80683 -0.135392
7.8476 19.1214 84.4166 0.64137 0.36597 -0.907073 0.415168 -0.069668
8.07293 19.6777 86.3703 0.632257 0.364952 -0.420971 0.894566 -0.150115
8.07293 19.3436 84.3793 0.64137 0.364952 -0.575061 0.80683 -0.135392
7.8476 19.4555 86.4076 0.632257 0.36597 -0.818112 0.567129 -0.095168
8.07293 19.6777 86.3703 0.622775 0.370096 -0.420971 0.894566 -0.150115
8.38075 19.4249 84.3656 0.631888 0.368706 -0.088958 0.982301 -0.164837
8.07293 19.3436 84.3793 0.631888 0.370096 -0.575061 0.80683 -0.135392
8.38075 19.759 86.3566 0.622775 0.368706 0.088959 0.982301 -0.164838
8.38075 19.4249 84.3656 0.631888 0.368706 -0.088958 0.982301 -0.164837
8.07293 19.6777 86.3703 0.622775 0.370096 -0.420971 0.894566 -0.150115
8.38075 19.759 86.3566 0.622775 0.368706 0.088959 0.982301 -0.164838
8.68856 19.3436 84.3793 0.631889 0.367317 0.420969 0.894567 -0.150115
8.38075 19.4249 84.3656 0.631888 0.368706 -0.088958 0.982301 -0.164837
8.68856 19.6777 86.3703 0.622775 0.367316 0.575058 0.806832 -0.135392
8.68856 19.3436 84.3793 0.631889 0.367317 0.420969 0.894567 -0.150115
8.38075 19.759 86.3566 0.622775 0.368706 0.088959 0.982301 -0.164838
8.68856 19.6777 86.3703 0.622775 0.367316 0.575058 0.806832 -0.135392
8.9139 19.1214 84.4166 0.631889 0.366299 0.818111 0.567131 -0.095169
8.68856 19.3436 84.3793 0.631889 0.367317 0.420969 0.894567 -0.150115
8.9139 19.4555 86.4076 0.622775 0.366299 0.907073 0.415168 -0.069668
8.9139 19.1214 84.4166 0.631889 0.366299 0.818111 0.567131 -0.095169
8.68856 19.6777 86.3703 0.622775 0.367316 0.575058 0.806832 -0.135392
8.9139 19.4555 86.4076 0.631889 0.362806 0.907073 0.415168 -0.069668
8.99638 18.8178 84.4675 0.622775 0.364195 0.996035 0.087735 -0.014723
8.9139 19.1214 84.4166 0.622775 0.362805 0.818111 0.567131 -0.095169
8.99638 19.1519 86.4585 0.631889 0.364195 0.996035 -0.087734 0.014723
8.99638 18.8178 84.4675 0.622775 0.364195 0.996035 0.087735 -0.014723
8.9139 19.4555 86.4076 0.631889 0.362806 0.907073 0.415168 -0.069668
8.99638 19.1519 86.4585 0.631889 0.364195 0.996035 -0.087734 0.014723
8.9139 18.5142 84.5185 0.622775 0.365585 0.907072 -0.41517 0.069669
8.99638 18.8178 84.4675 0.622775 0.364195 0.996035 0.087735 -0.014723
8.9139 18.8483 86.5095 0.631889 0.365585 0.818112 -0.567129 0.095169
8.9139 18.5142 84.5185 0.622775 0.365585 0.907072 -0.41517 0.069669
8.99638 19.1519 86.4585 0.631889 0.364195 0.996035 -0.087734 0.014723
8.38075 19.2735 87.3008 0.63615 0.342782 -0 0.169717 0.985493
8.95889 18.4578 88.3732 0.63876 0.338261 -0.314464 0.666201 0.676232
9.38212 18.8752 88.3031 0.640671 0.340172 -0.542742 0.438411 0.716398
8.38075 19.2735 87.3008 0.63615 0.342782 -0 0.169717 0.985493
8.38075 18.305 88.3988 0.63615 0.337562 0 0.74998 0.66146
8.95889 18.4578 88.3732 0.63876 0.338261 -0.314464 0.666201 0.676232
8.38075 19.2735 87.3008 0.63615 0.342782 -0 0.169717 0.985493
7.8026 18.4578 88.3732 0.633541 0.338261 0.314464 0.6662 0.676232
8.38075 18.305 88.3988 0.63615 0.337562 0 0.74998 0.66146
8.38075 19.2735 87.3008 0.63615 0.342782 -0 0.169717 0.985493
7.37937 18.8752 88.3031 0.63163 0.340172 0.542741 0.438411 0.716399
7.8026 18.4578 88.3732 0.633541 0.338261 0.314464 0.6662 0.676232
8.38075 19.2735 87.3008 0.63615 0.342782 -0 0.169717 0.985493
7.22446 19.4454 88.2074 0.63093 0.342782 0.623708 0.129803 0.770805
7.37937 18.8752 88.3031 0.63163 0.340172 0.542741 0.438411 0.716399
8.38075 19.2735 87.3008 0.63615 0.342782 -0 0.169717 0.985493
7.37937 20.0156 88.1118 0.63163 0.345392 0.537562 -0.175869 0.82468
7.22446 19.4454 88.2074 0.63093 0.342782 0.623708 0.129803 0.770805
8.38075 19.2735 87.3008 0.63615 0.342782 -0 0.169717 0.985493
7.8026 20.433 88.0417 0.633541 0.347302 0.309283 -0.39778 0.86378
7.37937 20.0156 88.1118 0.63163 0.345392 0.537562 -0.175869 0.82468
8.38075 19.2735 87.3008 0.63615 0.342782 -0 0.169717 0.985493
8.38075 20.5857 88.0161 0.63615 0.348002 -0 -0.478618 0.878023
7.8026 20.433 88.0417 0.633541 0.347302 0.309283 -0.39778 0.86378
8.38075 19.2735 87.3008 0.63615 0.342782 -0 0.169717 0.985493
8.95889 20.433 88.0417 0.63876 0.347302 -0.309283 -0.39778 0.86378
8.38075 20.5857 88.0161 0.63615 0.348002 -0 -0.478618 0.878023
8.38075 19.2735 87.3008 0.63615 0.342782 -0 0.169717 0.985493
9.38212 20.0156 88.1118 0.640671 0.345392 -0.537563 -0.175869 0.824679
8.95889 20.433 88.0417 0.63876 0.347302 -0.309283 -0.39778 0.86378
8.38075 19.2735 87.3008 0.63615 0.342782 -0 0.169717 0.985493
9.53704 19.4454 88.2074 0.641371 0.342782 -0.62371 0.129803 0.770803
9.38212 20.0156 88.1118 0.640671 0.345392 -0.537563 -0.175869 0.824679
8.38075 19.2735 87.3008 0.63615 0.342782 -0 0.169717 0.985493
9.38212 18.8752 88.3031 0.640671 0.340172 -0.542742 0.438411 0.716398
9.53704 19.4454 88.2074 0.641371 0.342782 -0.62371 0.129803 0.770803
9.38212 18.8752 88.3031 0.630562 0.352825 0.818111 -0.567131 0.095169
8.95889 18.1905 86.7804 0.628652 0.345534 0.575062 -0.806829 0.135391
9.38212 18.6079 86.7104 0.630562 0.345535 0.907073 -0.415169 0.069668
8.95889 18.4578 88.3732 0.628652 0.352826 0.420974 -0.894565 0.150114
8.95889 18.1905 86.7804 0.628652 0.345534 0.575062 -0.806829 0.135391
9.38212 18.8752 88.3031 0.630562 0.352825 0.818111 -0.567131 0.095169
8.95889 18.4578 88.3732 0.628652 0.352826 0.420974 -0.894565 0.150114
8.38075 18.0378 86.8061 0.626042 0.345535 0.088963 -0.982301 0.164837
8.95889 18.1905 86.7804 0.628652 0.345534 0.575062 -0.806829 0.135391
8.38075 18.305 88.3988 0.626042 0.352826 -0.088963 -0.9823 0.164837
8.38075 18.0378 86.8061 0.626042 0.345535 0.088963 -0.982301 0.164837
8.95889 18.4578 88.3732 0.628652 0.352826 0.420974 -0.894565 0.150114
8.38075 18.305 88.3988 0.626042 0.352826 -0.088963 -0.9823 0.164837
7.8026 18.1905 86.7804 0.623432 0.345535 -0.420974 -0.894565 0.150114
8.38075 18.0378 86.8061 0.626042 0.345535 0.088963 -0.982301 0.164837
7.8026 18.4578 88.3732 0.623432 0.352825 -0.575059 -0.806831 0.135392
7.8026 18.1905 86.7804 0.623432 0.345535 -0.420974 -0.894565 0.150114
8.38075 18.305 88.3988 0.626042 0.352826 -0.088963 -0.9823 0.164837
7.8026 18.4578 88.3732 0.623432 0.352825 -0.575059 -0.806831 0.135392
7.37937 18.6079 86.7104 0.621521 0.345535 -0.81811 -0.567133 0.095169
7.8026 18.1905 86.7804 0.623432 0.345535 -0.420974 -0.894565 0.150114
7.37937 18.8752 88.3031 0.621521 0.352825 -0.907073 -0.41517 0.069669
7.37937 18.6079 86.7104 0.621521 0.345535 -0.81811 -0.567133 0.095169
7.8026 18.4578 88.3732 0.623432 0.352825 -0.575059 -0.806831 0.135392
7.37937 18.8752 88.3031 0.629054 0.335574 -0.907073 -0.41517 0.069669
7.22446 19.1781 86.6147 0.636345 0.332964 -0.996035 -0.087735 0.014723
7.37937 18.6079 86.7104 0.636345 0.335574 -0.81811 -0.567133 0.095169
7.22446 19.4454 88.2074 0.629054 0.332964 -0.996035 0.087736 -0.014722
7.22446 19.1781 86.6147 0.636345 0.332964 -0.996035 -0.087735 0.014723
7.37937 18.8752 88.3031 0.629054 0.335574 -0.907073 -0.41517 0.069669
7.22446 19.4454 88.2074 0.629054 0.332964 -0.996035 0.087736 -0.014722
7.37937 19.7483 86.519 0.636345 0.330353 -0.907073 0.415168 -0.069668
7.22446 19.1781 86.6147 0.636345 0.332964 -0.996035 -0.087735 0.014723
7.37937 20.0156 88.1118 0.629054 0.330354 -0.81811 0.567132 -0.095169
7.37937 19.7483 86.519 0.636345 0.330353 -0.907073 0.415168 -0.069668
7.22446 19.4454 88.2074 0.629054 0.332964 -0.996035 0.087736 -0.014722
7.37937 20.0156 88.1118 0.629054 0.330354 -0.81811 0.567132 -0.095169
7.8026 20.1657 86.449 0.636345 0.328443 -0.575061 0.80683 -0.135392
7.37937 19.7483 86.519 0.636345 0.330353 -0.907073 0.415168 -0.069668
7.8026 20.433 88.0417 0.629054 0.328443 -0.420972 0.894566 -0.150115
7.8026 20.1657 86.449 0.636345 0.328443 -0.575061 0.80683 -0.135392
7.37937 20.0156 88.1118 0.629054 0.330354 -0.81811 0.567132 -0.095169
7.8026 20.433 88.0417 0.618727 0.367493 -0.420972 0.894566 -0.150115
8.38075 20.3185 86.4233 0.616117 0.360203 -0.088964 0.982301 -0.164837
7.8026 20.1657 86.449 0.618727 0.360203 -0.575061 0.80683 -0.135392
8.38075 20.5857 88.0161 0.616117 0.367493 0.088963 0.982301 -0.164837
8.38075 20.3185 86.4233 0.616117 0.360203 -0.088964 0.982301 -0.164837
7.8026 20.433 88.0417 0.618727 0.367493 -0.420972 0.894566 -0.150115
8.38075 20.5857 88.0161 0.616117 0.367493 0.088963 0.982301 -0.164837
8.95889 20.1657 86.449 0.613507 0.360203 0.420973 0.894565 -0.150114
8.38075 20.3185 86.4233 0.616117 0.360203 -0.088964 0.982301 -0.164837
8.95889 20.433 88.0417 0.613507 0.367493 0.575062 0.806829 -0.135392
8.95889 20.1657 86.449 0.613507 0.360203 0.420973 0.894565 -0.150114
8.38075 20.5857 88.0161 0.616117 0.367493 0.088963 0.982301 -0.164837
8.95889 20.433 88.0417 0.613507 0.367493 0.575062 0.806829 -0.135392
9.38212 19.7483 86.519 0.611597 0.360203 0.81811 0.567132 -0.095169
8.95889 20.1657 86.449 0.613507 0.360203 0.420973 0.894565 -0.150114
9.38212 20.0156 88.1118 0.611597 0.367493 0.907072 0.41517 -0.069668
9.38212 19.7483 86.519 0.611597 0.360203 0.81811 0.567132 -0.095169
8.95889 20.433 88.0417 0.613507 0.367493 0.575062 0.806829 -0.135392
9.38212 20.0156 88.1118 0.60578 0.361182 0.907072 0.41517 -0.069668
9.53704 19.1781 86.6147 0.60839 0.368473 0.996035 0.087735 -0.014723
9.38212 19.7483 86.519 0.60578 0.368473 0.81811 0.567132 -0.095169
9.53704 19.4454 88.2074 0.60839 0.361182 0.996035 -0.087735 0.014723
9.53704 19.1781 86.6147 0.60839 0.368473 0.996035 0.087735 -0.014723
9.38212 20.0156 88.1118 0.60578 0.361182 0.907072 0.41517 -0.069668
9.53704 19.4454 88.2074 0.60839 0.361182 0.996035 -0.087735 0.014723
9.38212 18.6079 86.7104 0.611 0.368473 0.907073 -0.415169 0.069668
9.53704 19.1781 86.6147 0.60839 0.368473 0.996035 0.087735 -0.014723
9.38212 18.8752 88.3031 0.611 0.361183 0.818111 -0.567131 0.095169
9.38212 18.6079 86.7104 0.611 0.368473 0.907073 -0.415169 0.069668
9.53704 19.4454 88.2074 0.60839 0.361182 0.996035 -0.087735 0.014723
9.38212 18.6079 86.7104 0.640671 0.356397 0.23078 -0.318769 -0.919308
8.68856 18.6261 86.5468 0.63754 0.356194 0.162214 -0.38639 -0.907959
8.9139 18.8483 86.5095 0.638557 0.355177 0.255888 -0.275901 -0.926499
8.95889 18.1905 86.7804 0.63876 0.358308 0.118746 -0.411135 -0.903807
8.68856 18.6261 86.5468 0.63754 0.356194 0.162214 -0.38639 -0.907959
9.38212 18.6079 86.7104 0.640671 0.356397 0.23078 -0.318769 -0.919308
8.95889 18.1905 86.7804 0.63876 0.358308 0.118746 -0.411135 -0.903807
8.38075 18.5448 86.5604 0.63615 0.356566 0.025069 -0.435889 -0.899651
8.68856 18.6261 86.5468 0.63754 0.356194 0.162214 -0.38639 -0.907959
8.38075 18.0378 86.8061 0.63615 0.359007 -0.025098 -0.435889 -0.89965
8.38075 18.5448 86.5604 0.63615 0.356566 0.025069 -0.435889 -0.899651
8.95889 18.1905 86.7804 0.63876 0.358308 0.118746 -0.411135 -0.903807
8.38075 18.0378 86.8061 0.63615 0.359007 -0.025098 -0.435889 -0.89965
8.07293 18.6261 86.5468 0.634761 0.356194 -0.118749 -0.411138 -0.903805
8.38075 18.5448 86.5604 0.63615 0.356566 0.025069 -0.435889 -0.899651
7.8026 18.1905 86.7804 0.633541 0.358308 -0.162207 -0.386389 -0.907961
8.07293 18.6261 86.5468 0.634761 0.356194 -0.118749 -0.411138 -0.903805
8.38075 18.0378 86.8061 0.63615 0.359007 -0.025098 -0.435889 -0.89965
7.8026 18.1905 86.7804 0.633541 0.358308 -0.162207 -0.386389 -0.907961
7.8476 18.8483 86.5095 0.633744 0.355177 -0.230803 -0.318766 -0.919303
8.07293 18.6261 86.5468 0.634761 0.356194 -0.118749 -0.411138 -0.903805
7.37937 18.6079 86.7104 0.63163 0.356397 -0.2559 -0.275894 -0.926498
7.8476 18.8483 86.5095 0.633744 0.355177 -0.230803 -0.318766 -0.919303
7.8026 18.1905 86.7804 0.633541 0.358308 -0.162207 -0.386389 -0.907961
7.37937 18.6079 86.7104 0.63163 0.356397 -0.2559 -0.275894 -0.926498
7.76512 19.1519 86.4585 0.633371 0.353787 -0.28099 -0.183519 -0.942001
7.8476 18.8483 86.5095 0.633744 0.355177 -0.230803 -0.318766 -0.919303
7.22446 19.1781 86.6147 0.63093 0.353787 -0.280977 -0.134016 -0.950311
7.76512 19.1519 86.4585 0.633371 0.353787 -0.28099 -0.183519 -0.942001
7.37937 18.6079 86.7104 0.63163 0.356397 -0.2559 -0.275894 -0.926498
7.22446 19.1781 86.6147 0.63093 0.353787 -0.280977 -0.134016 -0.950311
7.8476 19.4555 86.4076 0.633744 0.352398 -0.255892 -0.041641 -0.965808
7.76512 19.1519 86.4585 0.633371 0.353787 -0.28099 -0.183519 -0.942001
7.37937 19.7483 86.519 0.63163 0.351177 -0.230796 0.00123 -0.973002
7.8476 19.4555 86.4076 0.633744 0.352398 -0.255892 -0.041641 -0.965808
7.22446 19.1781 86.6147 0.63093 0.353787 -0.280977 -0.134016 -0.950311
7.37937 19.7483 86.519 0.63163 0.351177 -0.230796 0.00123 -0.973002
8.07293 19.6777 86.3703 0.634761 0.35138 -0.162243 0.068851 -0.984346
7.8476 19.4555 86.4076 0.633744 0.352398 -0.255892 -0.041641 -0.965808
7.8026 20.1657 86.449 0.633541 0.349267 -0.118779 0.093598 -0.988499
8.07293 19.6777 86.3703 0.634761 0.35138 -0.162243 0.068851 -0.984346
7.37937 19.7483 86.519 0.63163 0.351177 -0.230796 0.00123 -0.973002
7.8026 20.1657 86.449 0.633541 0.349267 -0.118779 0.093598 -0.988499
8.38075 19.759 86.3566 0.63615 0.351008 -0.025117 0.118346 -0.992655
8.07293 19.6777 86.3703 0.634761 0.35138 -0.162243 0.068851 -0.984346
8.38075 20.3185 86.4233 0.63615 0.348567 0.025106 0.118345 -0.992655
8.38075 19.759 86.3566 0.63615 0.351008 -0.025117 0.118346 -0.992655
7.8026 20.1657 86.449 0.633541 0.349267 -0.118779 0.093598 -0.988499
8.38075 20.3185 86.4233 0.63615 0.348567 0.025106 0.118345 -0.992655
8.68856 19.6777 86.3703 0.63754 0.35138 0.118761 0.093597 -0.988502
8.38075 19.759 86.3566 0.63615 0.351008 -0.025117 0.118346 -0.992655
8.95889 20.1657 86.449 0.638761 0.349267 0.162233 0.068849 -0.984348
8.68856 19.6777 86.3703 0.63754 0.35138 0.118761 0.093597 -0.988502
8.38075 20.3185 86.4233 0.63615 0.348567 0.025106 0.118345 -0.992655
8.95889 20.1657 86.449 0.638761 0.349267 0.162233 0.068849 -0.984348
8.9139 19.4555 86.4076 0.638557 0.352398 0.230802 0.00123 -0.973
8.68856 19.6777 86.3703 0.63754 0.35138 0.118761 0.093597 -0.988502
9.38212 19.7483 86.519 0.640671 0.351178 0.255915 -0.041641 -0.965802
8.9139 19.4555 86.4076 0.638557 0.352398 0.230802 0.00123 -0.973
8.95889 20.1657 86.449 0.638761 0.349267 0.162233 0.068849 -0.984348
9.38212 19.7483 86.519 0.640671 0.351178 0.255915 -0.041641 -0.965802
8.99638 19.1519 86.4585 0.63893 0.353787 0.281015 -0.134015 -0.9503
8.9139 19.4555 86.4076 0.638557 0.352398 0.230802 0.00123 -0.973
9.53704 19.1781 86.6147 0.64137 0.353787 0.280987 -0.183519 -0.942002
8.99638 19.1519 86.4585 0.63893 0.353787 0.281015 -0.134015 -0.9503
9.38212 19.7483 86.519 0.640671 0.351178 0.255915 -0.041641 -0.965802
9.53704 19.1781 86.6147 0.64137 0.353787 0.280987 -0.183519 -0.942002
8.9139 18.8483 86.5095 0.638557 0.355177 0.255888 -0.275901 -0.926499
8.99638 19.1519 86.4585 0.63893 0.353787 0.281015 -0.134015 -0.9503
9.38212 18.6079 86.7104 0.640671 0.356397 0.23078 -0.318769 -0.919308
8.9139 18.8483 86.5095 0.638557 0.355177 0.255888 -0.275901 -0.926499
9.53704 19.1781 86.6147 0.64137 0.353787 0.280987 -0.183519 -0.942002
7.01969 16.9417 71.8593 0.600603 0.356302 0 0.174478 -0.984661
9.73972 14.1756 71.3692 0.591499 0.343835 0 0.174478 -0.984661
7.01969 14.1756 71.3692 0.600603 0.343835 0 0.174478 -0.984661
9.73972 16.9417 71.8593 0.591499 0.356301 0 0.174478 -0.984661
9.73972 14.1756 71.3692 0.591499 0.343835 0 0.174478 -0.984661
7.01969 16.9417 71.8593 0.600603 0.356302 0 0.174478 -0.984661
7.01969 16.9596 73.7805 0.621458 0.353497 0 0.999957 -0.009286
9.73972 16.9417 71.8593 0.630562 0.36217 0 0.999957 -0.009286
7.01969 16.9417 71.8593 0.621458 0.36217 0 0.999957 -0.009286
9.73972 16.9596 73.7805 0.630562 0.353497 0 0.999957 -0.009286
9.73972 16.9417 71.8593 0.630562 0.36217 0 0.999957 -0.009286
7.01969 16.9596 73.7805 0.621458 0.353497 0 0.999957 -0.009286
7.01969 14.2031 74.3219 0.610273 0.360814 0 0.192734 0.981251
9.73972 16.9596 73.7805 0.601169 0.348349 0 0.192734 0.981251
7.01969 16.9596 73.7805 0.610272 0.348348 0 0.192734 0.981251
9.73972 14.2031 74.3219 0.601169 0.360815 0 0.192734 0.981251
9.73972 16.9596 73.7805 0.601169 0.348349 0 0.192734 0.981251
7.01969 14.2031 74.3219 0.610273 0.360814 0 0.192734 0.981251
7.01969 14.1756 71.3692 0.603272 0.343467 0 -0.999957 0.009286
9.73972 14.2031 74.3219 0.594168 0.330137 0 -0.999957 0.009286
7.01969 14.2031 74.3219 0.603272 0.330137 0 -0.999957 0.009286
9.73972 14.1756 71.3692 0.594168 0.343467 0 -0.999957 0.009286
9.73972 14.2031 74.3219 0.594168 0.330137 0 -0.999957 0.009286
7.01969 14.1756 71.3692 0.603272 0.343467 0 -0.999957 0.009286
9.73972 16.9417 71.8593 0.581102 0.341139 1 0 -0
9.73972 14.2031 74.3219 0.593568 0.330137 1 0 -0
9.73972 14.1756 71.3692 0.593568 0.343468 1 -0 0
9.73972 16.9596 73.7805 0.581102 0.332466 1 1e-06 -0
9.73972 14.2031 74.3219 0.593568 0.330137 1 0 -0
9.73972 16.9417 71.8593 0.581102 0.341139 1 0 -0
7.01969 16.9596 73.7805 0.569136 0.354837 -1 0 -0
7.01969 14.1756 71.3692 0.581602 0.343835 -1 0 -0
7.01969 14.2031 74.3219 0.581602 0.357166 -1 0 -0
7.01969 16.9417 71.8593 0.569136 0.346164 -1 0 -0
7.01969 14.1756 71.3692 0.581602 0.343835 -1 0 -0
7.01969 16.9596 73.7805 0.569136 0.354837 -1 0 -0
-7.73229 48.8421 -2.43922 0.742255 0.371955 0 0.006444 0.999979
-7.58768 48.8421 -2.43922 0.742255 0.380247 0 0.006444 0.999979
-7.66661 51.2872 -2.45498 0.602035 0.375721 0 0.006444 0.999979
-7.73229 48.8421 -2.43922 0.742255 0.371955 0 -0.999957 0.00924
-7.65998 48.8408 -2.58385 0.742255 0.376101 0 -0.999957 0.00924
-7.58768 48.8421 -2.43922 0.742255 0.380247 0 -0.999957 0.00924
-7.73229 48.8421 -2.43922 0.742255 0.371955 -0.894175 0.021135 -0.447219
-7.66661 51.2872 -2.45498 0.602035 0.375721 -0.894175 0.021135 -0.447219
-7.65998 48.8408 -2.58385 0.742255 0.376101 -0.894175 0.021135 -0.447219
-7.65998 48.8408 -2.58385 0.742255 0.376101 0.894052 0.02598 -0.447209
-7.66661 51.2872 -2.45498 0.602035 0.375721 0.894052 0.02598 -0.447209
-7.58768 48.8421 -2.43922 0.742255 0.380247 0.894052 0.02598 -0.447209
-12.5229 48.8421 -2.43922 0.742255 0.371955 0 0.006443 0.999979
-12.3783 48.8421 -2.43922 0.742255 0.380247 0 0.006443 0.999979
-12.4572 51.2872 -2.45497 0.602035 0.375721 0 0.006443 0.999979
-12.5229 48.8421 -2.43922 0.742255 0.371955 0 -0.999957 0.009286
-12.4506 48.8408 -2.58385 0.742255 0.376101 0 -0.999957 0.009286
-12.3783 48.8421 -2.43922 0.742255 0.380247 0 -0.999957 0.009286
-12.5229 48.8421 -2.43922 0.742255 0.371955 -0.894172 0.021136 -0.447223
-12.4572 51.2872 -2.45497 0.602035 0.375721 -0.894172 0.021136 -0.447223
-12.4506 48.8408 -2.58385 0.742255 0.376101 -0.894172 0.021136 -0.447223
-12.4506 48.8408 -2.58385 0.742255 0.376101 0.894052 0.025981 -0.447209
-12.4572 51.2872 -2.45497 0.602035 0.375721 0.894052 0.025981 -0.447209
-12.3783 48.8421 -2.43922 0.742255 0.380247 0.894052 0.025981 -0.447209
-8.81679 21.1549 -8.26842 0.757837 0.360244 -0.574029 -0.788418 -0.221105
-9.40271 22.3207 -6.718 0.748992 0.353361 -0.950755 -0.30993 0.002878
-9.40271 22.3013 -8.80576 0.748992 0.362566 -0.907439 -0.198631 -0.370271
-8.81679 21.1694 -6.7073 0.757837 0.353361 -0.339113 -0.545979 0.7661
-9.40271 22.3207 -6.718 0.748992 0.353361 -0.950755 -0.30993 0.002878
-8.81679 21.1549 -8.26842 0.757837 0.360244 -0.574029 -0.788418 -0.221105
-7.01327 22.2946 -9.53098 0.748992 0.351698 0.56656 -0.341421 -0.749961
-8.086 21.1482 -8.99365 0.757837 0.346968 -0.13843 -0.813523 -0.564816
-8.67192 22.2946 -9.53098 0.748992 0.344385 -0.414483 -0.354553 -0.83815
-7.36895 21.1482 -8.99365 0.757837 0.35013 0.65529 -0.690868 -0.305445
-8.086 21.1482 -8.99365 0.757837 0.346968 -0.13843 -0.813523 -0.564816
-7.01327 22.2946 -9.53098 0.748992 0.351698 0.56656 -0.341421 -0.749961
-9.40271 23.3808 -6.72784 0.757837 0.332102 -0.485071 0.73208 0.478294
-7.01327 22.3207 -6.718 0.749693 0.342637 0 0.009286 0.999957
-6.69881 23.3808 -6.72784 0.757837 0.344023 0.869539 0.199766 0.451659
-9.40271 22.3207 -6.718 0.749693 0.332102 2e-06 0.009286 0.999957
-7.01327 22.3207 -6.718 0.749693 0.342637 0 0.009286 0.999957
-9.40271 23.3808 -6.72784 0.757837 0.332102 -0.485071 0.73208 0.478294
-8.81679 21.1549 -8.26842 0.733819 0.354354 -0.574029 -0.788418 -0.221105
-7.36895 21.1694 -6.70731 0.740702 0.360737 1e-06 -0.945706 0.325023
-8.81679 21.1694 -6.7073 0.740702 0.354354 -0.339113 -0.545979 0.7661
-7.36895 21.1694 -6.70731 0.740702 0.360737 1e-06 -0.945706 0.325023
-8.086 21.1482 -8.99365 0.730621 0.357576 -0.13843 -0.813523 -0.564816
-7.36895 21.1482 -8.99365 0.730621 0.360737 0.65529 -0.690868 -0.305445
-7.36895 21.1694 -6.70731 0.740702 0.360737 1e-06 -0.945706 0.325023
-8.81679 21.1549 -8.26842 0.733819 0.354354 -0.574029 -0.788418 -0.221105
-8.086 21.1482 -8.99365 0.730621 0.357576 -0.13843 -0.813523 -0.564816
-7.01327 22.2946 -9.53098 0.748992 0.351698 0.56656 -0.341421 -0.749961
-8.69944 23.3547 -9.54083 0.740847 0.344264 -0.337034 0.46215 -0.82026
-6.69881 23.3547 -9.54083 0.740847 0.353085 0.43477 0.773778 -0.460699
-8.67192 22.2946 -9.53098 0.748992 0.344385 -0.414483 -0.354553 -0.83815
-8.69944 23.3547 -9.54083 0.740847 0.344264 -0.337034 0.46215 -0.82026
-7.01327 22.2946 -9.53098 0.748992 0.351698 0.56656 -0.341421 -0.749961
-7.36895 21.1482 -8.99365 0.740702 0.331906 0.65529 -0.690868 -0.305445
-7.01327 22.3207 -6.718 0.731856 0.341987 0.955448 -0.295146 0.002741
-7.36895 21.1694 -6.70731 0.740702 0.341987 0.955448 -0.295146 0.002741
-7.01327 22.2946 -9.53098 0.731856 0.329584 0.56656 -0.341421 -0.749961
-7.01327 22.3207 -6.718 0.731856 0.341987 0.955448 -0.295146 0.002741
-7.36895 21.1482 -8.99365 0.740702 0.331906 0.65529 -0.690868 -0.305445
-9.40271 23.3808 -6.72784 0.740847 0.353361 -0.485071 0.73208 0.478294
-9.40271 22.3013 -8.80576 0.748992 0.362566 -0.907439 -0.198631 -0.370271
-9.40271 22.3207 -6.718 0.748992 0.353361 -0.950755 -0.30993 0.002878
-9.40271 23.3612 -8.83758 0.740847 0.362663 -0.815209 0.467404 -0.342005
-9.40271 22.3013 -8.80576 0.748992 0.362566 -0.907439 -0.198631 -0.370271
-9.40271 23.3808 -6.72784 0.740847 0.353361 -0.485071 0.73208 0.478294
-7.01327 22.3207 -6.718 0.749693 0.342637 1e-06 0.009287 0.999957
-8.81679 21.1694 -6.7073 0.740847 0.334685 -0.339113 -0.545979 0.7661
-7.36895 21.1694 -6.70731 0.740847 0.341069 1e-06 -0.945706 0.325023
-9.40271 22.3207 -6.718 0.749693 0.332102 1e-06 0.009288 0.999957
-8.81679 21.1694 -6.7073 0.740847 0.334685 -0.339113 -0.545979 0.7661
-7.01327 22.3207 -6.718 0.749693 0.342637 1e-06 0.009287 0.999957
-8.81679 21.1549 -8.26842 0.757837 0.360244 -0.574029 -0.788418 -0.221105
-8.67192 22.2946 -9.53098 0.748991 0.365764 -0.414483 -0.354553 -0.83815
-8.086 21.1482 -8.99365 0.757837 0.363441 -0.13843 -0.813523 -0.564816
-9.40271 22.3013 -8.80576 0.748992 0.362566 -0.907439 -0.198631 -0.370271
-8.67192 22.2946 -9.53098 0.748991 0.365764 -0.414483 -0.354553 -0.83815
-8.81679 21.1549 -8.26842 0.757837 0.360244 -0.574029 -0.788418 -0.221105
-7.01327 22.2946 -9.53098 0.731856 0.329584 0.56656 -0.341421 -0.749961
-6.69881 23.3808 -6.72784 0.723712 0.341987 0.869539 0.199766 0.451659
-7.01327 22.3207 -6.718 0.731856 0.341987 0.958711 -0.28437 0.002641
-6.69881 23.3547 -9.54083 0.723712 0.329584 0.43477 0.773778 -0.460699
-6.69881 23.3808 -6.72784 0.723712 0.341987 0.869539 0.199766 0.451659
-7.01327 22.2946 -9.53098 0.731856 0.329584 0.56656 -0.341421 -0.749961
-6.69881 23.3547 -9.54083 0.740702 0.354131 0.43477 0.773778 -0.460699
-9.40271 23.3808 -6.72784 0.728299 0.34221 -0.485071 0.73208 0.478294
-6.69881 23.3808 -6.72784 0.728299 0.354131 0.869539 0.199766 0.451659
-8.69944 23.3547 -9.54083 0.740702 0.34531 -0.337034 0.46215 -0.82026
-9.40271 23.3808 -6.72784 0.728299 0.34221 -0.485071 0.73208 0.478294
-6.69881 23.3547 -9.54083 0.740702 0.354131 0.43477 0.773778 -0.460699
-9.40271 23.3808 -6.72784 0.728299 0.34221 -0.485071 0.73208 0.478294
-8.69944 23.3547 -9.54083 0.740702 0.34531 -0.337034 0.46215 -0.82026
-9.40271 23.3612 -8.83758 0.737602 0.34221 -0.815209 0.467404 -0.342005
-8.69944 23.3547 -9.54083 0.740847 0.365764 -0.337034 0.46215 -0.82026
-9.40271 22.3013 -8.80576 0.748992 0.362566 -0.907439 -0.198631 -0.370271
-9.40271 23.3612 -8.83758 0.740847 0.362663 -0.815209 0.467404 -0.342005
-8.67192 22.2946 -9.53098 0.748991 0.365764 -0.414483 -0.354553 -0.83815
-9.40271 22.3013 -8.80576 0.748992 0.362566 -0.907439 -0.198631 -0.370271
-8.69944 23.3547 -9.54083 0.740847 0.365764 -0.337034 0.46215 -0.82026
-7.40862 17.2195 79.4982 0.670154 0.366194 1 -0 -0
-7.40862 16.8208 68.3232 0.720204 0.359619 0.780004 0.119549 -0.614249
-7.40862 18.6557 79.2572 0.670154 0.359619 0.871048 0.484424 -0.081291
-7.40862 15.3847 68.5641 0.720204 0.366193 0.33333 -0.767804 -0.547146
-7.40862 16.8208 68.3232 0.720204 0.359619 0.780004 0.119549 -0.614249
-7.40862 17.2195 79.4982 0.670154 0.366194 1 -0 -0
-9.35029 15.3847 68.5641 0.641739 0.352877 -0.816497 -0.470181 -0.335057
-9.35029 18.6557 79.2572 0.691789 0.346303 -0.91164 0.405324 -0.068016
-9.35029 16.8208 68.3232 0.641739 0.346303 -0.477969 0.167807 -0.862199
-9.3503 17.2195 79.4982 0.691789 0.352877 -1 1e-06 0
-9.35029 18.6557 79.2572 0.691789 0.346303 -0.91164 0.405324 -0.068016
-9.35029 15.3847 68.5641 0.641739 0.352877 -0.816497 -0.470181 -0.335057
-7.40862 19.654 85.2068 0.590933 0.346027 0.78335 0.280898 0.55449
-9.35029 17.1584 84.3572 0.582168 0.356503 -0.447209 -0.288261 0.846705
-7.40862 17.1584 84.3572 0.590933 0.356503 0.894427 -0.144128 0.423352
-7.95794 20.1761 85.3845 0.588453 0.343836 0.254316 0.793831 0.552409
-9.35029 17.1584 84.3572 0.582168 0.356503 -0.447209 -0.288261 0.846705
-7.40862 19.654 85.2068 0.590933 0.346027 0.78335 0.280898 0.55449
-8.80097 20.1761 85.3845 0.584648 0.343835 -0.323922 0.528673 0.784589
-9.35029 17.1584 84.3572 0.582168 0.356503 -0.447209 -0.288261 0.846705
-7.95794 20.1761 85.3845 0.588453 0.343836 0.254316 0.793831 0.552409
-9.35029 17.1584 84.3572 0.582168 0.356503 -0.447209 -0.288261 0.846705
-8.80097 20.1761 85.3845 0.584648 0.343835 -0.323922 0.528673 0.784589
-9.35029 19.654 85.2068 0.582168 0.346027 -0.864644 0.429942 0.259887
-9.35029 17.1584 84.3572 0.720204 0.330222 0 -0.986211 0.165493
-7.40862 16.4672 80.238 0.701349 0.338988 0 -0.986211 0.165493
-7.40862 17.1584 84.3572 0.720204 0.338988 0 -0.986211 0.165493
-9.35029 16.4672 80.238 0.701349 0.330223 0 -0.986211 0.165493
-7.40862 16.4672 80.238 0.701349 0.338988 0 -0.986211 0.165493
-9.35029 17.1584 84.3572 0.720204 0.330222 0 -0.986211 0.165493
-7.40862 17.1584 84.3572 0.648567 0.370095 0.894427 -0.144128 0.423352
-7.40862 18.7558 79.8539 0.667422 0.35962 0.936169 0.346702 -0.058179
-7.40862 19.654 85.2068 0.64292 0.35962 0.78335 0.280898 0.55449
-7.40862 16.4672 80.238 0.667422 0.370095 1 0 -0
-7.40862 18.7558 79.8539 0.667422 0.35962 0.936169 0.346702 -0.058179
-7.40862 17.1584 84.3572 0.648567 0.370095 0.894427 -0.144128 0.423352
-9.3503 17.2195 79.4982 0.691789 0.352877 -1 1e-06 0
-9.35029 18.7558 79.8539 0.69452 0.346303 -0.962593 0.267216 -0.04484
-9.35029 18.6557 79.2572 0.691789 0.346303 -0.91164 0.405324 -0.068016
-9.35029 16.4672 80.238 0.694521 0.356779 -1 0 1e-06
-9.35029 18.7558 79.8539 0.69452 0.346303 -0.962593 0.267216 -0.04484
-9.3503 17.2195 79.4982 0.691789 0.352877 -1 1e-06 0
-7.40862 18.7558 79.8539 0.667422 0.35962 0.936169 0.346702 -0.058179
-7.40862 17.2195 79.4982 0.670154 0.366194 1 -0 -0
-7.40862 18.6557 79.2572 0.670154 0.359619 0.871048 0.484424 -0.081291
-7.40862 16.4672 80.238 0.667422 0.370095 1 0 -0
-7.40862 17.2195 79.4982 0.670154 0.366194 1 -0 -0
-7.40862 18.7558 79.8539 0.667422 0.35962 0.936169 0.346702 -0.058179
-9.3503 17.2195 79.4982 0.698617 0.330223 -0 -0.986211 0.165493
-7.40862 15.3847 68.5641 0.648567 0.338988 0.33333 -0.767804 -0.547146
-7.40862 17.2195 79.4982 0.698617 0.338988 -1e-06 -0.986211 0.165493
-9.35029 15.3847 68.5641 0.648567 0.330223 -0.816497 -0.470181 -0.335057
-7.40862 15.3847 68.5641 0.648567 0.338988 0.33333 -0.767804 -0.547146
-9.3503 17.2195 79.4982 0.698617 0.330223 -0 -0.986211 0.165493
-9.35029 18.7558 79.8539 0.69452 0.346303 -0.962593 0.267216 -0.04484
-9.35029 17.1584 84.3572 0.713376 0.356779 -0.447209 -0.288261 0.846705
-9.35029 19.654 85.2068 0.719023 0.346303 -0.864644 0.429942 0.259887
-9.35029 16.4672 80.238 0.694521 0.356779 -1 0 1e-06
-9.35029 17.1584 84.3572 0.713376 0.356779 -0.447209 -0.288261 0.846705
-9.35029 18.7558 79.8539 0.69452 0.346303 -0.962593 0.267216 -0.04484
-8.80097 19.1344 79.1769 0.670154 0.339675 -0.354012 0.922345 -0.154776
-7.95794 19.2345 79.7736 0.667422 0.343481 0.354012 0.922345 -0.154775
-7.95794 19.1344 79.1769 0.670154 0.343481 0.354012 0.922345 -0.154776
-8.80097 19.2345 79.7736 0.667422 0.339675 -0.403995 0.902147 -0.151386
-7.95794 19.2345 79.7736 0.667422 0.343481 0.354012 0.922345 -0.154775
-8.80097 19.1344 79.1769 0.670154 0.339675 -0.354012 0.922345 -0.154776
-9.35029 16.4672 80.238 0.701349 0.330223 -0 -0.701128 -0.713036
-7.40862 17.2195 79.4982 0.698617 0.338988 -0 -0.701128 -0.713036
-7.40862 16.4672 80.238 0.701349 0.338988 -0 -0.701126 -0.713037
-9.3503 17.2195 79.4982 0.698617 0.330223 0 -0.701129 -0.713034
-7.40862 17.2195 79.4982 0.698617 0.338988 -0 -0.701128 -0.713036
-9.35029 16.4672 80.238 0.701349 0.330223 -0 -0.701128 -0.713036
-8.80097 17.2996 68.2428 0.720204 0.339674 -0.220756 0.848771 -0.480473
-7.95794 19.1344 79.1769 0.670154 0.343481 0.354012 0.922345 -0.154776
-7.95794 17.2996 68.2428 0.720204 0.34348 0.382347 0.615883 -0.688838
-8.80097 19.1344 79.1769 0.670154 0.339675 -0.354012 0.922345 -0.154776
-7.95794 19.1344 79.1769 0.670154 0.343481 0.354012 0.922345 -0.154776
-8.80097 17.2996 68.2428 0.720204 0.339674 -0.220756 0.848771 -0.480473
-7.95794 20.1761 85.3845 0.641739 0.343481 0.254316 0.793831 0.552409
-8.80097 19.2345 79.7736 0.667422 0.339675 -0.403995 0.902147 -0.151386
-8.80097 20.1761 85.3845 0.641739 0.339675 -0.323922 0.528673 0.784589
-7.95794 19.2345 79.7736 0.667422 0.343481 0.354012 0.922345 -0.154775
-8.80097 19.2345 79.7736 0.667422 0.339675 -0.403995 0.902147 -0.151386
-7.95794 20.1761 85.3845 0.641739 0.343481 0.254316 0.793831 0.552409
-9.35029 16.8208 68.3232 0.641739 0.346303 -0.477969 0.167807 -0.862199
-8.80097 19.1344 79.1769 0.691789 0.344112 -0.354012 0.922345 -0.154776
-8.80097 17.2996 68.2428 0.641739 0.344112 -0.220756 0.848771 -0.480473
-9.35029 18.6557 79.2572 0.691789 0.346303 -0.91164 0.405324 -0.068016
-8.80097 19.1344 79.1769 0.691789 0.344112 -0.354012 0.922345 -0.154776
-9.35029 16.8208 68.3232 0.641739 0.346303 -0.477969 0.167807 -0.862199
-9.35029 16.8208 68.3232 0.630562 0.338344 -0.477969 0.167807 -0.862199
-7.40862 15.3847 68.5641 0.621797 0.344918 0.33333 -0.767804 -0.547146
-9.35029 15.3847 68.5641 0.630562 0.344918 -0.816497 -0.470181 -0.335057
-9.35029 16.8208 68.3232 0.630562 0.338344 -0.477969 0.167807 -0.862199
-7.40862 16.8208 68.3232 0.621797 0.338344 0.780004 0.119549 -0.614249
-7.40862 15.3847 68.5641 0.621797 0.344918 0.33333 -0.767804 -0.547146
-9.35029 16.8208 68.3232 0.630562 0.338344 -0.477969 0.167807 -0.862199
-7.95794 17.2996 68.2428 0.624277 0.336153 0.382347 0.615883 -0.688838
-7.40862 16.8208 68.3232 0.621797 0.338344 0.780004 0.119549 -0.614249
-9.35029 16.8208 68.3232 0.630562 0.338344 -0.477969 0.167807 -0.862199
-8.80097 17.2996 68.2428 0.628083 0.336153 -0.220756 0.848771 -0.480473
-7.95794 17.2996 68.2428 0.624277 0.336153 0.382347 0.615883 -0.688838
-9.35029 18.6557 79.2572 0.691789 0.346303 -0.91164 0.405324 -0.068016
-8.80097 19.2345 79.7736 0.694521 0.344112 -0.403995 0.902147 -0.151386
-8.80097 19.1344 79.1769 0.691789 0.344112 -0.354012 0.922345 -0.154776
-9.35029 18.7558 79.8539 0.69452 0.346303 -0.962593 0.267216 -0.04484
-8.80097 19.2345 79.7736 0.694521 0.344112 -0.403995 0.902147 -0.151386
-9.35029 18.6557 79.2572 0.691789 0.346303 -0.91164 0.405324 -0.068016
-7.95794 19.1344 79.1769 0.670154 0.357428 0.354012 0.922345 -0.154776
-7.40862 18.7558 79.8539 0.667422 0.35962 0.936169 0.346702 -0.058179
-7.40862 18.6557 79.2572 0.670154 0.359619 0.871048 0.484424 -0.081291
-7.95794 19.2345 79.7736 0.667422 0.357428 0.354012 0.922345 -0.154775
-7.40862 18.7558 79.8539 0.667422 0.35962 0.936169 0.346702 -0.058179
-7.95794 19.1344 79.1769 0.670154 0.357428 0.354012 0.922345 -0.154776
-7.40862 18.6557 79.2572 0.670154 0.359619 0.871048 0.484424 -0.081291
-7.95794 17.2996 68.2428 0.720204 0.357428 0.382347 0.615883 -0.688838
-7.95794 19.1344 79.1769 0.670154 0.357428 0.354012 0.922345 -0.154776
-7.40862 16.8208 68.3232 0.720204 0.359619 0.780004 0.119549 -0.614249
-7.95794 17.2996 68.2428 0.720204 0.357428 0.382347 0.615883 -0.688838
-7.40862 18.6557 79.2572 0.670154 0.359619 0.871048 0.484424 -0.081291
-7.95794 19.2345 79.7736 0.667422 0.357428 0.354012 0.922345 -0.154775
-7.40862 19.654 85.2068 0.64292 0.35962 0.78335 0.280898 0.55449
-7.40862 18.7558 79.8539 0.667422 0.35962 0.936169 0.346702 -0.058179
-7.95794 20.1761 85.3845 0.641738 0.357428 0.254316 0.793831 0.552409
-7.40862 19.654 85.2068 0.64292 0.35962 0.78335 0.280898 0.55449
-7.95794 19.2345 79.7736 0.667422 0.357428 0.354012 0.922345 -0.154775
-8.80097 19.2345 79.7736 0.694521 0.344112 -0.403995 0.902147 -0.151386
-9.35029 19.654 85.2068 0.719023 0.346303 -0.864644 0.429942 0.259887
-8.80097 20.1761 85.3845 0.720204 0.344111 -0.323922 0.528673 0.784589
-9.35029 18.7558 79.8539 0.69452 0.346303 -0.962593 0.267216 -0.04484
-9.35029 19.654 85.2068 0.719023 0.346303 -0.864644 0.429942 0.259887
-8.80097 19.2345 79.7736 0.694521 0.344112 -0.403995 0.902147 -0.151386
-8.38307 16.0681 65.3246 0.617949 0.330137 -0.460305 0.627474 -0.628009
-8.2602 17.2423 67.1881 0.618503 0.339311 0 0.98822 -0.153043
-8.26019 16.0681 65.3246 0.618503 0.330137 0.485084 0.372316 -0.791249
-8.38307 17.2423 67.1881 0.617949 0.339311 0 0.937222 0.348734
-8.2602 17.2423 67.1881 0.618503 0.339311 0 0.98822 -0.153043
-8.38307 16.0681 65.3246 0.617949 0.330137 -0.460305 0.627474 -0.628009
-8.46625 15.7837 69.3801 0.612362 0.330137 -0.304942 -0.939238 0.157612
-8.17702 15.5506 67.9914 0.613667 0.336494 0.464433 -0.841504 0.275996
-8.17702 15.7837 69.3802 0.613667 0.330137 0.304941 -0.939239 0.157612
-8.46625 15.5506 67.9914 0.612362 0.336494 -0.45243 -0.76085 0.465204
-8.17702 15.5506 67.9914 0.613667 0.336494 0.464433 -0.841504 0.275996
-8.46625 15.7837 69.3801 0.612362 0.330137 -0.304942 -0.939238 0.157612
-8.38307 14.787 67.6001 0.614674 0.350661 -0.992661 -0.120782 -0.005999
-8.46625 15.4763 67.4845 0.611518 0.350661 -0.793974 -0.605583 0.053612
-8.38307 15.2886 65.4554 0.610838 0.359835 -0.491831 -0.603631 -0.627481
-8.46625 16.6482 67.8072 0.617573 0.341623 -0.446028 0.89488 -0.015802
-8.17702 16.8813 69.196 0.618879 0.347981 0.285315 0.945218 -0.158615
-8.17702 16.6482 67.8072 0.618879 0.341623 0.437433 0.879096 0.189324
-8.46625 16.8813 69.196 0.617574 0.34798 -0.28532 0.945216 -0.158615
-8.17702 16.8813 69.196 0.618879 0.347981 0.285315 0.945218 -0.158615
-8.46625 16.6482 67.8072 0.617573 0.341623 -0.446028 0.89488 -0.015802
-8.46625 15.5506 67.9914 0.612362 0.336494 -0.45243 -0.76085 0.465204
-8.26019 14.787 67.6001 0.613292 0.338807 1.2e-05 -0.772047 0.635566
-8.17702 15.5506 67.9914 0.613667 0.336494 0.464433 -0.841504 0.275996
-8.38307 14.787 67.6001 0.612737 0.338806 0 -0.984045 0.177918
-8.26019 14.787 67.6001 0.613292 0.338807 1.2e-05 -0.772047 0.635566
-8.46625 15.5506 67.9914 0.612362 0.336494 -0.45243 -0.76085 0.465204
-8.17702 16.5529 67.3038 0.618395 0.357522 0.777067 0.610981 -0.151224
-8.2602 17.2423 67.1881 0.61524 0.357522 0.992661 0.112205 -0.045095
-8.17702 16.6482 67.8072 0.618347 0.359835 0.437433 0.879096 0.189324
-8.38307 17.2423 67.1881 0.617949 0.339311 0 0.937222 0.348734
-8.17702 16.6482 67.8072 0.618879 0.341623 0.437433 0.879096 0.189324
-8.2602 17.2423 67.1881 0.618503 0.339311 0 0.98822 -0.153043
-8.46625 16.6482 67.8072 0.617573 0.341623 -0.446028 0.89488 -0.015802
-8.17702 16.6482 67.8072 0.618879 0.341623 0.437433 0.879096 0.189324
-8.38307 17.2423 67.1881 0.617949 0.339311 0 0.937222 0.348734
-8.46625 16.5529 67.3038 0.645887 0.331915 -0.777068 0.61098 -0.151224
-8.46625 16.6482 67.8072 0.648199 0.331867 -0.446028 0.89488 -0.015802
-8.38307 17.2423 67.1881 0.645887 0.32876 -0.992661 0.112208 -0.045095
-8.38307 14.787 67.6001 0.612737 0.338806 0 -0.984045 0.177918
-8.26019 15.2886 65.4554 0.613292 0.34798 0.467365 -0.793203 -0.390383
-8.26019 14.787 67.6001 0.613292 0.338807 1.2e-05 -0.772047 0.635566
-8.38307 15.2886 65.4554 0.612738 0.34798 -0.491831 -0.603631 -0.627481
-8.26019 15.2886 65.4554 0.613292 0.34798 0.467365 -0.793203 -0.390383
-8.38307 14.787 67.6001 0.612737 0.338806 0 -0.984045 0.177918
-8.17702 16.5529 67.3038 0.618395 0.357522 0.777067 0.610981 -0.151224
-8.26019 16.0681 65.3246 0.619074 0.348348 0.485084 0.372316 -0.791249
-8.2602 17.2423 67.1881 0.61524 0.357522 0.992661 0.112205 -0.045095
-8.58058 15.8724 65.3575 0.59752 0.359342 -0.648975 0.192678 -0.736007
-8.26019 16.0681 65.3246 0.598966 0.360238 0.485084 0.372316 -0.791249
-8.06268 15.8724 65.3575 0.599858 0.359342 0.648975 0.192673 -0.736008
-8.38307 16.0681 65.3246 0.598412 0.360238 -0.460305 0.627474 -0.628009
-8.26019 16.0681 65.3246 0.598966 0.360238 0.485084 0.372316 -0.791249
-8.58058 15.8724 65.3575 0.59752 0.359342 -0.648975 0.192678 -0.736007
-8.83062 16.6465 69.2354 0.600474 0.362257 -6e-06 0.165493 0.986211
-7.81264 16.0401 69.3371 0.60507 0.365033 -7e-06 0.165487 0.986212
-7.81264 16.6465 69.2354 0.60507 0.362257 2.2e-05 0.165527 0.986205
-8.83062 16.0401 69.3371 0.600474 0.365033 -6e-06 0.165471 0.986215
-7.81264 16.0401 69.3371 0.60507 0.365033 -7e-06 0.165487 0.986212
-8.83062 16.6465 69.2354 0.600474 0.362257 -6e-06 0.165493 0.986211
-8.58058 15.8724 65.3575 0.617057 0.330137 -0.648975 0.192678 -0.736007
-8.46625 16.5529 67.3038 0.617573 0.339311 -0.777068 0.61098 -0.151224
-8.38307 16.0681 65.3246 0.617949 0.330137 -0.460305 0.627474 -0.628009
-8.83062 16.3287 67.3414 0.615928 0.339311 -0.921371 0.370668 -0.116964
-8.46625 16.5529 67.3038 0.617573 0.339311 -0.777068 0.61098 -0.151224
-8.58058 15.8724 65.3575 0.617057 0.330137 -0.648975 0.192678 -0.736007
-7.81264 16.4134 67.8466 0.620524 0.341623 0.838498 0.536918 -0.092957
-8.17702 16.8813 69.196 0.618879 0.347981 0.285315 0.945218 -0.158615
-7.81264 16.6465 69.2354 0.620524 0.34798 0.949995 0.307961 -0.051677
-8.17702 16.6482 67.8072 0.618879 0.341623 0.437433 0.879096 0.189324
-8.17702 16.8813 69.196 0.618879 0.347981 0.285315 0.945218 -0.158615
-7.81264 16.4134 67.8466 0.620524 0.341623 0.838498 0.536918 -0.092957
-8.83062 16.4134 67.8466 0.607325 0.336495 -0.877822 0.471824 -0.082522
-8.83062 16.0401 69.3371 0.610101 0.330137 -0.953687 -0.296654 0.049781
-8.83062 16.6465 69.2354 0.607325 0.330137 -0.780993 0.615928 -0.103357
-8.83063 15.807 67.9483 0.610101 0.336494 -0.851567 -0.517459 0.084084
-8.83062 16.0401 69.3371 0.610101 0.330137 -0.953687 -0.296654 0.049781
-8.83062 16.4134 67.8466 0.607325 0.336495 -0.877822 0.471824 -0.082522
-7.81264 16.4134 67.8466 0.603911 0.341623 0.838498 0.536918 -0.092957
-7.81264 15.7223 67.4432 0.606686 0.339311 0.949783 -0.31254 -0.015195
-7.81264 16.3287 67.3415 0.603911 0.339311 0.87241 0.46612 -0.147083
-7.81264 15.807 67.9483 0.606686 0.341623 0.88756 -0.454853 0.07311
-7.81264 15.7223 67.4432 0.606686 0.339311 0.949783 -0.31254 -0.015195
-7.81264 16.4134 67.8466 0.603911 0.341623 0.838498 0.536918 -0.092957
-8.83062 16.3287 67.3414 0.607325 0.338807 -0.921371 0.370668 -0.116964
-8.83063 15.807 67.9483 0.610101 0.336494 -0.851567 -0.517459 0.084084
-8.83062 16.4134 67.8466 0.607325 0.336495 -0.877822 0.471824 -0.082522
-8.83062 15.7223 67.4432 0.610101 0.338807 -0.925383 -0.378586 -0.018406
-8.83063 15.807 67.9483 0.610101 0.336494 -0.851567 -0.517459 0.084084
-8.83062 16.3287 67.3414 0.607325 0.338807 -0.921371 0.370668 -0.116964
-8.06268 15.8724 65.3575 0.604459 0.330137 0.648975 0.192673 -0.736008
-7.81264 15.7223 67.4432 0.606686 0.339311 0.949783 -0.31254 -0.015195
-8.06268 15.4976 65.4204 0.606175 0.330137 0.531278 -0.471864 -0.703625
-7.81264 16.3287 67.3415 0.603911 0.339311 0.87241 0.46612 -0.147083
-7.81264 15.7223 67.4432 0.606686 0.339311 0.949783 -0.31254 -0.015195
-8.06268 15.8724 65.3575 0.604459 0.330137 0.648975 0.192673 -0.736008
-8.58058 15.4976 65.4204 0.59752 0.357627 -0.531299 -0.471881 -0.703598
-8.06268 15.8724 65.3575 0.599858 0.359342 0.648975 0.192673 -0.736008
-8.06268 15.4976 65.4204 0.599858 0.357627 0.531278 -0.471864 -0.703625
-8.58058 15.8724 65.3575 0.59752 0.359342 -0.648975 0.192678 -0.736007
-8.06268 15.8724 65.3575 0.599858 0.359342 0.648975 0.192673 -0.736008
-8.58058 15.4976 65.4204 0.59752 0.357627 -0.531299 -0.471881 -0.703598
-8.83062 15.7223 67.4432 0.610101 0.338807 -0.925383 -0.378586 -0.018406
-8.58058 15.8724 65.3575 0.607874 0.34798 -0.648975 0.192678 -0.736007
-8.58058 15.4976 65.4204 0.60959 0.34798 -0.531299 -0.471881 -0.703598
-8.83062 16.3287 67.3414 0.607325 0.338807 -0.921371 0.370668 -0.116964
-8.58058 15.8724 65.3575 0.607874 0.34798 -0.648975 0.192678 -0.736007
-8.83062 15.7223 67.4432 0.610101 0.338807 -0.925383 -0.378586 -0.018406
-7.81264 15.807 67.9483 0.606686 0.341623 0.88756 -0.454853 0.07311
-7.81264 16.6465 69.2354 0.603911 0.34798 0.949995 0.307961 -0.051677
-7.81264 16.0401 69.3371 0.606687 0.34798 0.798795 -0.593308 0.099562
-7.81264 16.4134 67.8466 0.603911 0.341623 0.838498 0.536918 -0.092957
-7.81264 16.6465 69.2354 0.603911 0.34798 0.949995 0.307961 -0.051677
-7.81264 15.807 67.9483 0.606686 0.341623 0.88756 -0.454853 0.07311
-8.83062 16.0401 69.3371 0.600474 0.365033 -6e-06 0.165471 0.986215
-8.17702 15.7837 69.3802 0.603425 0.366207 -3e-06 0.165467 0.986215
-7.81264 16.0401 69.3371 0.60507 0.365033 -7e-06 0.165487 0.986212
-8.46625 15.7837 69.3801 0.602119 0.366207 0 0.165443 0.986219
-8.17702 15.7837 69.3802 0.603425 0.366207 -3e-06 0.165467 0.986215
-8.83062 16.0401 69.3371 0.600474 0.365033 -6e-06 0.165471 0.986215
-8.83063 15.807 67.9483 0.610716 0.336494 -0.851567 -0.517459 0.084084
-8.46625 15.7837 69.3801 0.612362 0.330137 -0.304942 -0.939238 0.157612
-8.83062 16.0401 69.3371 0.610717 0.330137 -0.953687 -0.296654 0.049781
-8.46625 15.5506 67.9914 0.612362 0.336494 -0.45243 -0.76085 0.465204
-8.46625 15.7837 69.3801 0.612362 0.330137 -0.304942 -0.939238 0.157612
-8.83063 15.807 67.9483 0.610716 0.336494 -0.851567 -0.517459 0.084084
-7.81264 15.807 67.9483 0.615313 0.336494 0.88756 -0.454853 0.07311
-8.17702 15.4763 67.4845 0.613667 0.338807 0.793975 -0.605581 0.053613
-7.81264 15.7223 67.4432 0.615313 0.338807 0.949783 -0.31254 -0.015195
-8.17702 15.5506 67.9914 0.613667 0.336494 0.464433 -0.841504 0.275996
-8.17702 15.4763 67.4845 0.613667 0.338807 0.793975 -0.605581 0.053613
-7.81264 15.807 67.9483 0.615313 0.336494 0.88756 -0.454853 0.07311
-8.83063 15.807 67.9483 0.610716 0.336494 -0.851567 -0.517459 0.084084
-8.46625 15.4763 67.4845 0.612362 0.338806 -0.793974 -0.605583 0.053612
-8.46625 15.5506 67.9914 0.612362 0.336494 -0.45243 -0.76085 0.465204
-8.83062 15.7223 67.4432 0.610717 0.338807 -0.925383 -0.378586 -0.018406
-8.46625 15.4763 67.4845 0.612362 0.338806 -0.793974 -0.605583 0.053612
-8.83063 15.807 67.9483 0.610716 0.336494 -0.851567 -0.517459 0.084084
-8.06268 15.4976 65.4204 0.614184 0.34798 0.531278 -0.471864 -0.703625
-8.17702 15.4763 67.4845 0.613667 0.338807 0.793975 -0.605581 0.053613
-8.26019 15.2886 65.4554 0.613292 0.34798 0.467365 -0.793203 -0.390383
-7.81264 15.7223 67.4432 0.615313 0.338807 0.949783 -0.31254 -0.015195
-8.17702 15.4763 67.4845 0.613667 0.338807 0.793975 -0.605581 0.053613
-8.06268 15.4976 65.4204 0.614184 0.34798 0.531278 -0.471864 -0.703625
-8.46625 16.8813 69.196 0.602119 0.361183 3.6e-05 0.165545 0.986202
-7.81264 16.6465 69.2354 0.60507 0.362257 2.2e-05 0.165527 0.986205
-8.17702 16.8813 69.196 0.603424 0.361183 7.1e-05 0.165581 0.986196
-8.83062 16.6465 69.2354 0.600474 0.362257 -6e-06 0.165493 0.986211
-7.81264 16.6465 69.2354 0.60507 0.362257 2.2e-05 0.165527 0.986205
-8.46625 16.8813 69.196 0.602119 0.361183 3.6e-05 0.165545 0.986202
-8.46625 16.6482 67.8072 0.617573 0.341623 -0.446028 0.89488 -0.015802
-8.83062 16.6465 69.2354 0.615929 0.34798 -0.780993 0.615928 -0.103357
-8.46625 16.8813 69.196 0.617574 0.34798 -0.28532 0.945216 -0.158615
-8.83062 16.4134 67.8466 0.615928 0.341623 -0.877822 0.471824 -0.082522
-8.83062 16.6465 69.2354 0.615929 0.34798 -0.780993 0.615928 -0.103357
-8.46625 16.6482 67.8072 0.617573 0.341623 -0.446028 0.89488 -0.015802
-8.17702 16.5529 67.3038 0.618879 0.339311 0.777067 0.610981 -0.151224
-7.81264 16.4134 67.8466 0.620524 0.341623 0.838498 0.536918 -0.092957
-7.81264 16.3287 67.3415 0.620524 0.339311 0.87241 0.46612 -0.147083
-8.17702 16.6482 67.8072 0.618879 0.341623 0.437433 0.879096 0.189324
-7.81264 16.4134 67.8466 0.620524 0.341623 0.838498 0.536918 -0.092957
-8.17702 16.5529 67.3038 0.618879 0.339311 0.777067 0.610981 -0.151224
-8.46625 16.5529 67.3038 0.617573 0.339311 -0.777068 0.61098 -0.151224
-8.83062 16.4134 67.8466 0.615928 0.341623 -0.877822 0.471824 -0.082522
-8.46625 16.6482 67.8072 0.617573 0.341623 -0.446028 0.89488 -0.015802
-8.83062 16.3287 67.3414 0.615928 0.339311 -0.921371 0.370668 -0.116964
-8.83062 16.4134 67.8466 0.615928 0.341623 -0.877822 0.471824 -0.082522
-8.46625 16.5529 67.3038 0.617573 0.339311 -0.777068 0.61098 -0.151224
-8.17702 16.5529 67.3038 0.618879 0.339311 0.777067 0.610981 -0.151224
-8.06268 15.8724 65.3575 0.619395 0.330137 0.648975 0.192673 -0.736008
-8.26019 16.0681 65.3246 0.618503 0.330137 0.485084 0.372316 -0.791249
-7.81264 16.3287 67.3415 0.620524 0.339311 0.87241 0.46612 -0.147083
-8.06268 15.8724 65.3575 0.619395 0.330137 0.648975 0.192673 -0.736008
-8.17702 16.5529 67.3038 0.618879 0.339311 0.777067 0.610981 -0.151224
-8.46625 16.5529 67.3038 0.645887 0.331915 -0.777068 0.61098 -0.151224
-8.38307 17.2423 67.1881 0.645887 0.32876 -0.992661 0.112208 -0.045095
-8.38307 16.0681 65.3246 0.636713 0.332595 -0.460305 0.627474 -0.628009
-8.38307 15.2886 65.4554 0.598411 0.35667 -0.491831 -0.603631 -0.627481
-8.06268 15.4976 65.4204 0.599858 0.357627 0.531278 -0.471864 -0.703625
-8.26019 15.2886 65.4554 0.598966 0.35667 0.467365 -0.793203 -0.390383
-8.58058 15.4976 65.4204 0.59752 0.357627 -0.531299 -0.471881 -0.703598
-8.06268 15.4976 65.4204 0.599858 0.357627 0.531278 -0.471864 -0.703625
-8.38307 15.2886 65.4554 0.598411 0.35667 -0.491831 -0.603631 -0.627481
-8.46625 15.4763 67.4845 0.612362 0.338806 -0.793974 -0.605583 0.053612
-8.58058 15.4976 65.4204 0.611846 0.34798 -0.531299 -0.471881 -0.703598
-8.38307 15.2886 65.4554 0.612738 0.34798 -0.491831 -0.603631 -0.627481
-8.83062 15.7223 67.4432 0.610717 0.338807 -0.925383 -0.378586 -0.018406
-8.58058 15.4976 65.4204 0.611846 0.34798 -0.531299 -0.471881 -0.703598
-8.46625 15.4763 67.4845 0.612362 0.338806 -0.793974 -0.605583 0.053612
-8.17702 15.5506 67.9914 0.613667 0.336494 0.464433 -0.841504 0.275996
-7.81264 16.0401 69.3371 0.615313 0.330137 0.798795 -0.593308 0.099562
-8.17702 15.7837 69.3802 0.613667 0.330137 0.304941 -0.939239 0.157612
-7.81264 15.807 67.9483 0.615313 0.336494 0.88756 -0.454853 0.07311
-7.81264 16.0401 69.3371 0.615313 0.330137 0.798795 -0.593308 0.099562
-8.17702 15.5506 67.9914 0.613667 0.336494 0.464433 -0.841504 0.275996
-8.17702 15.5506 67.9914 0.636713 0.333889 0.464433 -0.841504 0.275996
-8.26019 14.787 67.6001 0.639025 0.336996 0.992661 -0.120779 -0.005999
-8.17702 15.4763 67.4845 0.639025 0.33384 0.793975 -0.605581 0.053613
-8.46625 15.4763 67.4845 0.611518 0.350661 -0.793974 -0.605583 0.053612
-8.38307 14.787 67.6001 0.614674 0.350661 -0.992661 -0.120782 -0.005999
-8.46625 15.5506 67.9914 0.611566 0.348349 -0.45243 -0.76085 0.465204
-8.17702 15.4763 67.4845 0.639025 0.33384 0.793975 -0.605581 0.053613
-8.26019 14.787 67.6001 0.639025 0.336996 0.992661 -0.120779 -0.005999
-8.26019 15.2886 65.4554 0.648199 0.333161 0.467365 -0.793203 -0.390383
-8.68856 18.292 84.5557 0.632257 0.36059 -0.575064 -0.806828 0.135391
-8.9139 18.8483 86.5095 0.64137 0.359573 -0.818112 -0.56713 0.095168
-8.9139 18.5142 84.5185 0.632257 0.359573 -0.907072 -0.41517 0.069669
-8.68856 18.6261 86.5468 0.64137 0.36059 -0.420976 -0.894564 0.150114
-8.9139 18.8483 86.5095 0.64137 0.359573 -0.818112 -0.56713 0.095168
-8.68856 18.292 84.5557 0.632257 0.36059 -0.575064 -0.806828 0.135391
-8.38075 18.2107 84.5694 0.632257 0.36198 -0.08896 -0.982301 0.164836
-8.68856 18.6261 86.5468 0.64137 0.36059 -0.420976 -0.894564 0.150114
-8.68856 18.292 84.5557 0.632257 0.36059 -0.575064 -0.806828 0.135391
-8.38075 18.5448 86.5604 0.64137 0.36198 0.088964 -0.982301 0.164837
-8.68856 18.6261 86.5468 0.64137 0.36059 -0.420976 -0.894564 0.150114
-8.38075 18.2107 84.5694 0.632257 0.36198 -0.08896 -0.982301 0.164836
-8.07293 18.292 84.5558 0.632257 0.363369 0.420974 -0.894565 0.150114
-8.38075 18.5448 86.5604 0.64137 0.36198 0.088964 -0.982301 0.164837
-8.38075 18.2107 84.5694 0.632257 0.36198 -0.08896 -0.982301 0.164836
-8.07293 18.6261 86.5468 0.64137 0.363369 0.575064 -0.806827 0.135392
-8.38075 18.5448 86.5604 0.64137 0.36198 0.088964 -0.982301 0.164837
-8.07293 18.292 84.5558 0.632257 0.363369 0.420974 -0.894565 0.150114
-7.8476 18.5142 84.5185 0.632257 0.364386 0.818113 -0.567128 0.095168
-8.07293 18.6261 86.5468 0.64137 0.363369 0.575064 -0.806827 0.135392
-8.07293 18.292 84.5558 0.632257 0.363369 0.420974 -0.894565 0.150114
-7.8476 18.8483 86.5095 0.64137 0.364386 0.907074 -0.415166 0.069668
-8.07293 18.6261 86.5468 0.64137 0.363369 0.575064 -0.806827 0.135392
-7.8476 18.5142 84.5185 0.632257 0.364386 0.818113 -0.567128 0.095168
-7.76512 18.8178 84.4675 0.64137 0.367359 0.996035 -0.087733 0.014722
-7.8476 18.8483 86.5095 0.632257 0.368749 0.907074 -0.415166 0.069668
-7.8476 18.5142 84.5185 0.64137 0.368749 0.818113 -0.567128 0.095168
-7.76512 19.1519 86.4585 0.632257 0.367359 0.996035 0.087739 -0.014724
-7.8476 18.8483 86.5095 0.632257 0.368749 0.907074 -0.415166 0.069668
-7.76512 18.8178 84.4675 0.64137 0.367359 0.996035 -0.087733 0.014722
-7.8476 19.1214 84.4166 0.64137 0.36597 0.907071 0.415172 -0.069669
-7.76512 19.1519 86.4585 0.632257 0.367359 0.996035 0.087739 -0.014724
-7.76512 18.8178 84.4675 0.64137 0.367359 0.996035 -0.087733 0.014722
-7.8476 19.4555 86.4076 0.632257 0.36597 0.818111 0.567131 -0.095169
-7.76512 19.1519 86.4585 0.632257 0.367359 0.996035 0.087739 -0.014724
-7.8476 19.1214 84.4166 0.64137 0.36597 0.907071 0.415172 -0.069669
-8.07293 19.3436 84.3793 0.64137 0.364952 0.575063 0.806828 -0.135392
-7.8476 19.4555 86.4076 0.632257 0.36597 0.818111 0.567131 -0.095169
-7.8476 19.1214 84.4166 0.64137 0.36597 0.907071 0.415172 -0.069669
-8.07293 19.6777 86.3703 0.632257 0.364952 0.420977 0.894563 -0.150115
-7.8476 19.4555 86.4076 0.632257 0.36597 0.818111 0.567131 -0.095169
-8.07293 19.3436 84.3793 0.64137 0.364952 0.575063 0.806828 -0.135392
-8.38075 19.4249 84.3656 0.631888 0.368706 0.088964 0.9823 -0.164838
-8.07293 19.6777 86.3703 0.622775 0.370096 0.420977 0.894563 -0.150115
-8.07293 19.3436 84.3793 0.631888 0.370096 0.575063 0.806828 -0.135392
-8.38075 19.759 86.3566 0.622775 0.368706 -0.088957 0.982301 -0.164838
-8.07293 19.6777 86.3703 0.622775 0.370096 0.420977 0.894563 -0.150115
-8.38075 19.4249 84.3656 0.631888 0.368706 0.088964 0.9823 -0.164838
-8.68856 19.3436 84.3793 0.631889 0.367317 -0.42097 0.894567 -0.150115
-8.38075 19.759 86.3566 0.622775 0.368706 -0.088957 0.982301 -0.164838
-8.38075 19.4249 84.3656 0.631888 0.368706 0.088964 0.9823 -0.164838
-8.68856 19.6777 86.3703 0.622775 0.367316 -0.575059 0.806831 -0.135392
-8.38075 19.759 86.3566 0.622775 0.368706 -0.088957 0.982301 -0.164838
-8.68856 19.3436 84.3793 0.631889 0.367317 -0.42097 0.894567 -0.150115
-8.9139 19.1214 84.4166 0.631889 0.366299 -0.818111 0.56713 -0.095168
-8.68856 19.6777 86.3703 0.622775 0.367316 -0.575059 0.806831 -0.135392
-8.68856 19.3436 84.3793 0.631889 0.367317 -0.42097 0.894567 -0.150115
-8.9139 19.4555 86.4076 0.622775 0.366299 -0.907074 0.415167 -0.069668
-8.68856 19.6777 86.3703 0.622775 0.367316 -0.575059 0.806831 -0.135392
-8.9139 19.1214 84.4166 0.631889 0.366299 -0.818111 0.56713 -0.095168
-8.99637 18.8178 84.4675 0.622775 0.364195 -0.996035 0.087736 -0.014722
-8.9139 19.4555 86.4076 0.631889 0.362806 -0.907074 0.415167 -0.069668
-8.9139 19.1214 84.4166 0.622775 0.362805 -0.818111 0.56713 -0.095168
-8.99637 19.1519 86.4585 0.631889 0.364195 -0.996035 -0.087735 0.014723
-8.9139 19.4555 86.4076 0.631889 0.362806 -0.907074 0.415167 -0.069668
-8.99637 18.8178 84.4675 0.622775 0.364195 -0.996035 0.087736 -0.014722
-8.9139 18.5142 84.5185 0.622775 0.365585 -0.907072 -0.41517 0.069669
-8.99637 19.1519 86.4585 0.631889 0.364195 -0.996035 -0.087735 0.014723
-8.99637 18.8178 84.4675 0.622775 0.364195 -0.996035 0.087736 -0.014722
-8.9139 18.8483 86.5095 0.631889 0.365585 -0.818112 -0.56713 0.095168
-8.99637 19.1519 86.4585 0.631889 0.364195 -0.996035 -0.087735 0.014723
-8.9139 18.5142 84.5185 0.622775 0.365585 -0.907072 -0.41517 0.069669
-8.95889 18.4578 88.3732 0.63876 0.338261 0.314461 0.666204 0.67623
-8.38075 19.2735 87.3008 0.63615 0.342782 2e-06 0.169721 0.985492
-9.38212 18.8752 88.3031 0.640671 0.340172 0.542746 0.438416 0.716393
-8.38075 18.305 88.3988 0.63615 0.337562 9e-06 0.749981 0.66146
-8.38075 19.2735 87.3008 0.63615 0.342782 2e-06 0.169721 0.985492
-8.95889 18.4578 88.3732 0.63876 0.338261 0.314461 0.666204 0.67623
-7.8026 18.4578 88.3732 0.633541 0.338261 -0.314454 0.666205 0.676233
-8.38075 19.2735 87.3008 0.63615 0.342782 2e-06 0.169721 0.985492
-8.38075 18.305 88.3988 0.63615 0.337562 9e-06 0.749981 0.66146
-7.37937 18.8752 88.3031 0.63163 0.340172 -0.542747 0.438411 0.716395
-8.38075 19.2735 87.3008 0.63615 0.342782 2e-06 0.169721 0.985492
-7.8026 18.4578 88.3732 0.633541 0.338261 -0.314454 0.666205 0.676233
-7.22446 19.4454 88.2074 0.63093 0.342782 -0.623711 0.129808 0.770802
-8.38075 19.2735 87.3008 0.63615 0.342782 2e-06 0.169721 0.985492
-7.37937 18.8752 88.3031 0.63163 0.340172 -0.542747 0.438411 0.716395
-7.37937 20.0156 88.1118 0.63163 0.345392 -0.537567 -0.175863 0.824678
-8.38075 19.2735 87.3008 0.63615 0.342782 2e-06 0.169721 0.985492
-7.22446 19.4454 88.2074 0.63093 0.342782 -0.623711 0.129808 0.770802
-7.8026 20.433 88.0417 0.633541 0.347302 -0.30927 -0.397782 0.863783
-8.38075 19.2735 87.3008 0.63615 0.342782 2e-06 0.169721 0.985492
-7.37937 20.0156 88.1118 0.63163 0.345392 -0.537567 -0.175863 0.824678
-8.38075 20.5857 88.0161 0.63615 0.348002 0 -0.478618 0.878023
-8.38075 19.2735 87.3008 0.63615 0.342782 2e-06 0.169721 0.985492
-7.8026 20.433 88.0417 0.633541 0.347302 -0.30927 -0.397782 0.863783
-8.95889 20.433 88.0417 0.63876 0.347302 0.309271 -0.397782 0.863783
-8.38075 19.2735 87.3008 0.63615 0.342782 2e-06 0.169721 0.985492
-8.38075 20.5857 88.0161 0.63615 0.348002 0 -0.478618 0.878023
-9.38212 20.0156 88.1118 0.640671 0.345392 0.537567 -0.175864 0.824678
-8.38075 19.2735 87.3008 0.63615 0.342782 2e-06 0.169721 0.985492
-8.95889 20.433 88.0417 0.63876 0.347302 0.309271 -0.397782 0.863783
-9.53704 19.4454 88.2074 0.641371 0.342782 0.623711 0.129812 0.770801
-8.38075 19.2735 87.3008 0.63615 0.342782 2e-06 0.169721 0.985492
-9.38212 20.0156 88.1118 0.640671 0.345392 0.537567 -0.175864 0.824678
-9.38212 18.8752 88.3031 0.640671 0.340172 0.542746 0.438416 0.716393
-8.38075 19.2735 87.3008 0.63615 0.342782 2e-06 0.169721 0.985492
-9.53704 19.4454 88.2074 0.641371 0.342782 0.623711 0.129812 0.770801
-8.95889 18.1905 86.7804 0.628652 0.345534 -0.575062 -0.806829 0.135391
-9.38212 18.8752 88.3031 0.630562 0.352825 -0.818112 -0.56713 0.095168
-9.38212 18.6079 86.7104 0.630562 0.345535 -0.907073 -0.415168 0.069668
-8.95889 18.4578 88.3732 0.628652 0.352826 -0.420975 -0.894565 0.150114
-9.38212 18.8752 88.3031 0.630562 0.352825 -0.818112 -0.56713 0.095168
-8.95889 18.1905 86.7804 0.628652 0.345534 -0.575062 -0.806829 0.135391
-8.38075 18.0378 86.8061 0.626042 0.345535 -0.088961 -0.982301 0.164838
-8.95889 18.4578 88.3732 0.628652 0.352826 -0.420975 -0.894565 0.150114
-8.95889 18.1905 86.7804 0.628652 0.345534 -0.575062 -0.806829 0.135391
-8.38075 18.305 88.3988 0.626042 0.352826 0.088963 -0.9823 0.164838
-8.95889 18.4578 88.3732 0.628652 0.352826 -0.420975 -0.894565 0.150114
-8.38075 18.0378 86.8061 0.626042 0.345535 -0.088961 -0.982301 0.164838
-7.8026 18.1905 86.7804 0.623432 0.345535 0.420975 -0.894565 0.150115
-8.38075 18.305 88.3988 0.626042 0.352826 0.088963 -0.9823 0.164838
-8.38075 18.0378 86.8061 0.626042 0.345535 -0.088961 -0.982301 0.164838
-7.8026 18.4578 88.3732 0.623432 0.352825 0.575059 -0.806831 0.135392
-8.38075 18.305 88.3988 0.626042 0.352826 0.088963 -0.9823 0.164838
-7.8026 18.1905 86.7804 0.623432 0.345535 0.420975 -0.894565 0.150115
-7.37937 18.6079 86.7104 0.621521 0.345535 0.81811 -0.567132 0.095168
-7.8026 18.4578 88.3732 0.623432 0.352825 0.575059 -0.806831 0.135392
-7.8026 18.1905 86.7804 0.623432 0.345535 0.420975 -0.894565 0.150115
-7.37937 18.8752 88.3031 0.621521 0.352825 0.907072 -0.415171 0.069668
-7.8026 18.4578 88.3732 0.623432 0.352825 0.575059 -0.806831 0.135392
-7.37937 18.6079 86.7104 0.621521 0.345535 0.81811 -0.567132 0.095168
-7.22446 19.1781 86.6147 0.636345 0.332964 0.996035 -0.087735 0.014723
-7.37937 18.8752 88.3031 0.629054 0.335574 0.907072 -0.415171 0.069668
-7.37937 18.6079 86.7104 0.636345 0.335574 0.81811 -0.567132 0.095168
-7.22446 19.4454 88.2074 0.629054 0.332964 0.996035 0.087736 -0.014723
-7.37937 18.8752 88.3031 0.629054 0.335574 0.907072 -0.415171 0.069668
-7.22446 19.1781 86.6147 0.636345 0.332964 0.996035 -0.087735 0.014723
-7.37937 19.7483 86.519 0.636345 0.330353 0.907073 0.415169 -0.069668
-7.22446 19.4454 88.2074 0.629054 0.332964 0.996035 0.087736 -0.014723
-7.22446 19.1781 86.6147 0.636345 0.332964 0.996035 -0.087735 0.014723
-7.37937 20.0156 88.1118 0.629054 0.330354 0.818111 0.567131 -0.095169
-7.22446 19.4454 88.2074 0.629054 0.332964 0.996035 0.087736 -0.014723
-7.37937 19.7483 86.519 0.636345 0.330353 0.907073 0.415169 -0.069668
-7.8026 20.1657 86.449 0.636345 0.328443 0.575062 0.806829 -0.135392
-7.37937 20.0156 88.1118 0.629054 0.330354 0.818111 0.567131 -0.095169
-7.37937 19.7483 86.519 0.636345 0.330353 0.907073 0.415169 -0.069668
-7.8026 20.433 88.0417 0.629054 0.328443 0.420974 0.894565 -0.150115
-7.37937 20.0156 88.1118 0.629054 0.330354 0.818111 0.567131 -0.095169
-7.8026 20.1657 86.449 0.636345 0.328443 0.575062 0.806829 -0.135392
-8.38075 20.3185 86.4233 0.616117 0.360203 0.088964 0.982301 -0.164837
-7.8026 20.433 88.0417 0.618727 0.367493 0.420974 0.894565 -0.150115
-7.8026 20.1657 86.449 0.618727 0.360203 0.575062 0.806829 -0.135392
-8.38075 20.5857 88.0161 0.616117 0.367493 -0.088961 0.982301 -0.164837
-7.8026 20.433 88.0417 0.618727 0.367493 0.420974 0.894565 -0.150115
-8.38075 20.3185 86.4233 0.616117 0.360203 0.088964 0.982301 -0.164837
-8.95889 20.1657 86.449 0.613507 0.360203 -0.420975 0.894565 -0.150115
-8.38075 20.5857 88.0161 0.616117 0.367493 -0.088961 0.982301 -0.164837
-8.38075 20.3185 86.4233 0.616117 0.360203 0.088964 0.982301 -0.164837
-8.95889 20.433 88.0417 0.613507 0.367493 -0.575061 0.806829 -0.135392
-8.38075 20.5857 88.0161 0.616117 0.367493 -0.088961 0.982301 -0.164837
-8.95889 20.1657 86.449 0.613507 0.360203 -0.420975 0.894565 -0.150115
-9.38212 19.7483 86.519 0.611597 0.360203 -0.81811 0.567132 -0.095169
-8.95889 20.433 88.0417 0.613507 0.367493 -0.575061 0.806829 -0.135392
-8.95889 20.1657 86.449 0.613507 0.360203 -0.420975 0.894565 -0.150115
-9.38212 20.0156 88.1118 0.611597 0.367493 -0.907072 0.415171 -0.069668
-8.95889 20.433 88.0417 0.613507 0.367493 -0.575061 0.806829 -0.135392
-9.38212 19.7483 86.519 0.611597 0.360203 -0.81811 0.567132 -0.095169
-9.53704 19.1781 86.6147 0.60839 0.368473 -0.996035 0.087737 -0.014723
-9.38212 20.0156 88.1118 0.60578 0.361182 -0.907072 0.415171 -0.069668
-9.38212 19.7483 86.519 0.60578 0.368473 -0.81811 0.567132 -0.095169
-9.53704 19.4454 88.2074 0.60839 0.361182 -0.996035 -0.087733 0.014722
-9.38212 20.0156 88.1118 0.60578 0.361182 -0.907072 0.415171 -0.069668
-9.53704 19.1781 86.6147 0.60839 0.368473 -0.996035 0.087737 -0.014723
-9.38212 18.6079 86.7104 0.611 0.368473 -0.907073 -0.415168 0.069668
-9.53704 19.4454 88.2074 0.60839 0.361182 -0.996035 -0.087733 0.014722
-9.53704 19.1781 86.6147 0.60839 0.368473 -0.996035 0.087737 -0.014723
-9.38212 18.8752 88.3031 0.611 0.361183 -0.818112 -0.56713 0.095168
-9.53704 19.4454 88.2074 0.60839 0.361182 -0.996035 -0.087733 0.014722
-9.38212 18.6079 86.7104 0.611 0.368473 -0.907073 -0.415168 0.069668
-8.68856 18.6261 86.5468 0.63754 0.356194 -0.162224 -0.386413 -0.907947
-9.38212 18.6079 86.7104 0.640671 0.356397 -0.23082 -0.318781 -0.919294
-8.9139 18.8483 86.5095 0.638557 0.355177 -0.255915 -0.275901 -0.926491
-8.95889 18.1905 86.7804 0.63876 0.358308 -0.118753 -0.411152 -0.903798
-9.38212 18.6079 86.7104 0.640671 0.356397 -0.23082 -0.318781 -0.919294
-8.68856 18.6261 86.5468 0.63754 0.356194 -0.162224 -0.386413 -0.907947
-8.38075 18.5448 86.5604 0.63615 0.356566 -0.025069 -0.435899 -0.899646
-8.95889 18.1905 86.7804 0.63876 0.358308 -0.118753 -0.411152 -0.903798
-8.68856 18.6261 86.5468 0.63754 0.356194 -0.162224 -0.386413 -0.907947
-8.38075 18.0378 86.8061 0.63615 0.359007 0.025098 -0.435889 -0.89965
-8.95889 18.1905 86.7804 0.63876 0.358308 -0.118753 -0.411152 -0.903798
-8.38075 18.5448 86.5604 0.63615 0.356566 -0.025069 -0.435899 -0.899646
-8.07293 18.6261 86.5468 0.634761 0.356194 0.118745 -0.411143 -0.903804
-8.38075 18.0378 86.8061 0.63615 0.359007 0.025098 -0.435889 -0.89965
-8.38075 18.5448 86.5604 0.63615 0.356566 -0.025069 -0.435899 -0.899646
-7.8026 18.1905 86.7804 0.633541 0.358308 0.162199 -0.386396 -0.907959
-8.38075 18.0378 86.8061 0.63615 0.359007 0.025098 -0.435889 -0.89965
-8.07293 18.6261 86.5468 0.634761 0.356194 0.118745 -0.411143 -0.903804
-7.8476 18.8483 86.5095 0.633744 0.355177 0.230792 -0.318767 -0.919306
-7.8026 18.1905 86.7804 0.633541 0.358308 0.162199 -0.386396 -0.907959
-8.07293 18.6261 86.5468 0.634761 0.356194 0.118745 -0.411143 -0.903804
-7.37937 18.6079 86.7104 0.63163 0.356397 0.255911 -0.275885 -0.926497
-7.8026 18.1905 86.7804 0.633541 0.358308 0.162199 -0.386396 -0.907959
-7.8476 18.8483 86.5095 0.633744 0.355177 0.230792 -0.318767 -0.919306
-7.76512 19.1519 86.4585 0.633371 0.353787 0.281011 -0.18349 -0.942
-7.37937 18.6079 86.7104 0.63163 0.356397 0.255911 -0.275885 -0.926497
-7.8476 18.8483 86.5095 0.633744 0.355177 0.230792 -0.318767 -0.919306
-7.22446 19.1781 86.6147 0.63093 0.353787 0.280989 -0.134002 -0.95031
-7.37937 18.6079 86.7104 0.63163 0.356397 0.255911 -0.275885 -0.926497
-7.76512 19.1519 86.4585 0.633371 0.353787 0.281011 -0.18349 -0.942
-7.8476 19.4555 86.4076 0.633744 0.352398 0.255891 -0.041648 -0.965808
-7.22446 19.1781 86.6147 0.63093 0.353787 0.280989 -0.134002 -0.95031
-7.76512 19.1519 86.4585 0.633371 0.353787 0.281011 -0.18349 -0.942
-7.37937 19.7483 86.519 0.63163 0.351177 0.23078 0.001204 -0.973005
-7.22446 19.1781 86.6147 0.63093 0.353787 0.280989 -0.134002 -0.95031
-7.8476 19.4555 86.4076 0.633744 0.352398 0.255891 -0.041648 -0.965808
-8.07293 19.6777 86.3703 0.634761 0.35138 0.162236 0.068825 -0.984349
-7.37937 19.7483 86.519 0.63163 0.351177 0.23078 0.001204 -0.973005
-7.8476 19.4555 86.4076 0.633744 0.352398 0.255891 -0.041648 -0.965808
-7.8026 20.1657 86.449 0.633541 0.349267 0.118771 0.093588 -0.988501
-7.37937 19.7483 86.519 0.63163 0.351177 0.23078 0.001204 -0.973005
-8.07293 19.6777 86.3703 0.634761 0.35138 0.162236 0.068825 -0.984349
-8.38075 19.759 86.3566 0.63615 0.351008 0.025113 0.118338 -0.992656
-7.8026 20.1657 86.449 0.633541 0.349267 0.118771 0.093588 -0.988501
-8.07293 19.6777 86.3703 0.634761 0.35138 0.162236 0.068825 -0.984349
-8.38075 20.3185 86.4233 0.63615 0.348567 -0.02511 0.118345 -0.992655
-7.8026 20.1657 86.449 0.633541 0.349267 0.118771 0.093588 -0.988501
-8.38075 19.759 86.3566 0.63615 0.351008 0.025113 0.118338 -0.992656
-8.68856 19.6777 86.3703 0.63754 0.35138 -0.118765 0.093597 -0.988501
-8.38075 20.3185 86.4233 0.63615 0.348567 -0.02511 0.118345 -0.992655
-8.38075 19.759 86.3566 0.63615 0.351008 0.025113 0.118338 -0.992656
-8.95889 20.1657 86.449 0.638761 0.349267 -0.162233 0.06885 -0.984348
-8.38075 20.3185 86.4233 0.63615 0.348567 -0.02511 0.118345 -0.992655
-8.68856 19.6777 86.3703 0.63754 0.35138 -0.118765 0.093597 -0.988501
-8.9139 19.4555 86.4076 0.638557 0.352398 -0.230802 0.00123 -0.973
-8.95889 20.1657 86.449 0.638761 0.349267 -0.162233 0.06885 -0.984348
-8.68856 19.6777 86.3703 0.63754 0.35138 -0.118765 0.093597 -0.988501
-9.38212 19.7483 86.519 0.640671 0.351178 -0.255912 -0.041644 -0.965803
-8.95889 20.1657 86.449 0.638761 0.349267 -0.162233 0.06885 -0.984348
-8.9139 19.4555 86.4076 0.638557 0.352398 -0.230802 0.00123 -0.973
-8.99637 19.1519 86.4585 0.63893 0.353787 -0.281007 -0.134012 -0.950303
-9.38212 19.7483 86.519 0.640671 0.351178 -0.255912 -0.041644 -0.965803
-8.9139 19.4555 86.4076 0.638557 0.352398 -0.230802 0.00123 -0.973
-9.53704 19.1781 86.6147 0.64137 0.353787 -0.281004 -0.183517 -0.941997
-9.38212 19.7483 86.519 0.640671 0.351178 -0.255912 -0.041644 -0.965803
-8.99637 19.1519 86.4585 0.63893 0.353787 -0.281007 -0.134012 -0.950303
-8.9139 18.8483 86.5095 0.638557 0.355177 -0.255915 -0.275901 -0.926491
-9.53704 19.1781 86.6147 0.64137 0.353787 -0.281004 -0.183517 -0.941997
-8.99637 19.1519 86.4585 0.63893 0.353787 -0.281007 -0.134012 -0.950303
-9.38212 18.6079 86.7104 0.640671 0.356397 -0.23082 -0.318781 -0.919294
-9.53704 19.1781 86.6147 0.64137 0.353787 -0.281004 -0.183517 -0.941997
-8.9139 18.8483 86.5095 0.638557 0.355177 -0.255915 -0.275901 -0.926491
-9.73972 14.1756 71.3692 0.591499 0.343835 0 0.174478 -0.984661
-7.01969 16.9417 71.8593 0.600603 0.356302 0 0.174478 -0.984661
-7.01969 14.1756 71.3692 0.600603 0.343835 0 0.174478 -0.984661
-9.73972 16.9417 71.8593 0.591499 0.356301 0 0.174478 -0.984661
-7.01969 16.9417 71.8593 0.600603 0.356302 0 0.174478 -0.984661
-9.73972 14.1756 71.3692 0.591499 0.343835 0 0.174478 -0.984661
-9.73972 16.9417 71.8593 0.630562 0.36217 -0 0.999957 -0.009286
-7.01969 16.9596 73.7805 0.621458 0.353497 -0 0.999957 -0.009286
-7.01969 16.9417 71.8593 0.621458 0.36217 -0 0.999957 -0.009286
-9.73972 16.9596 73.7805 0.630562 0.353497 0 0.999957 -0.009287
-7.01969 16.9596 73.7805 0.621458 0.353497 -0 0.999957 -0.009286
-9.73972 16.9417 71.8593 0.630562 0.36217 -0 0.999957 -0.009286
-9.73972 16.9596 73.7805 0.601169 0.348349 0 0.192734 0.981251
-7.01969 14.2031 74.3219 0.610273 0.360814 0 0.192734 0.981251
-7.01969 16.9596 73.7805 0.610272 0.348348 0 0.192734 0.981251
-9.73972 14.2031 74.3219 0.601169 0.360815 0 0.192734 0.981251
-7.01969 14.2031 74.3219 0.610273 0.360814 0 0.192734 0.981251
-9.73972 16.9596 73.7805 0.601169 0.348349 0 0.192734 0.981251
-9.73972 14.2031 74.3219 0.594168 0.330137 0 -0.999957 0.009286
-7.01969 14.1756 71.3692 0.603272 0.343467 0 -0.999957 0.009286
-7.01969 14.2031 74.3219 0.603272 0.330137 0 -0.999957 0.009286
-9.73972 14.1756 71.3692 0.594168 0.343467 0 -0.999957 0.009286
-7.01969 14.1756 71.3692 0.603272 0.343467 0 -0.999957 0.009286
-9.73972 14.2031 74.3219 0.594168 0.330137 0 -0.999957 0.009286
-9.73972 14.2031 74.3219 0.593568 0.330137 -1 0 -0
-9.73972 16.9417 71.8593 0.581102 0.341139 -1 0 -0
-9.73972 14.1756 71.3692 0.593568 0.343468 -1 0 -0
-9.73972 16.9596 73.7805 0.581102 0.332466 -1 0 -0
-9.73972 16.9417 71.8593 0.581102 0.341139 -1 0 -0
-9.73972 14.2031 74.3219 0.593568 0.330137 -1 0 -0
-7.01969 14.1756 71.3692 0.581602 0.343835 1 0 -0
-7.01969 16.9596 73.7805 0.569136 0.354837 1 0 -0
-7.01969 14.2031 74.3219 0.581602 0.357166 1 0 -0
-7.01969 16.9417 71.8593 0.569136 0.346164 1 -0 0
-7.01969 16.9596 73.7805 0.569136 0.354837 1 0 -0
-7.01969 14.1756 71.3692 0.581602 0.343835 1 0 -0
