Vertex Count: 36

Data:

-0.5 0.5 -0.5 0.251948 0.300681 0 0 -1
0.5 -0.5 -0.5 0.49939 0.700362 0 0 -1
-0.5 -0.5 -0.5 0.251948 0.700362 0 0 -1
0.5 0.5 -0.5 0.49939 0.30068 0 0 -1
0.5 -0.5 -0.5 0.49939 0.700362 0 0 -1
-0.5 0.5 -0.5 0.251948 0.300681 0 0 -1
-0.5 0.5 0.5 0.252012 0.000999987 0 1 -0
0.5 0.5 -0.5 0.499916 0.301404 0 1 -0
-0.5 0.5 -0.5 0.252012 0.301404 0 1 -0
0.5 0.5 0.5 0.499916 0.000999987 0 1 -0
0.5 0.5 -0.5 0.499916 0.301404 0 1 -0
-0.5 0.5 0.5 0.252012 0.000999987 0 1 -0
-0.5 -0.5 0.5 0.997914 0.700772 0 0 1
0.5 0.5 0.5 0.75182 0.299967 0 0 1
-0.5 0.5 0.5 0.997914 0.299967 0 0 1
0.5 -0.5 0.5 0.75182 0.700771 0 0 1
0.5 0.5 0.5 0.75182 0.299967 0 0 1
-0.5 -0.5 0.5 0.997914 0.700772 0 0 1
-0.5 -0.5 -0.5 0.254155 0.700495 0 -1 -0
0.5 -0.5 0.5 0.500249 0.996472 0 -1 -0
-0.5 -0.5 0.5 0.254155 0.996472 0 -1 -0
0.5 -0.5 -0.5 0.500249 0.700495 0 -1 -0
0.5 -0.5 0.5 0.500249 0.996472 0 -1 -0
-0.5 -0.5 -0.5 0.254155 0.700495 0 -1 -0
0.5 0.5 -0.5 0.500328 0.30197 1 0 -0
0.5 -0.5 0.5 0.750328 0.699826 1 0 -0
0.5 -0.5 -0.5 0.500328 0.699826 1 0 -0
0.5 0.5 0.5 0.750328 0.30197 1 0 -0
0.5 -0.5 0.5 0.750328 0.699826 1 0 -0
0.5 0.5 -0.5 0.500328 0.30197 1 0 -0
-0.5 0.5 0.5 0.000601 0.301104 -1 0 -0
-0.5 -0.5 -0.5 0.250601 0.699257 -1 0 -0
-0.5 -0.5 0.5 0.000601 0.699257 -1 0 -0
-0.5 0.5 -0.5 0.250601 0.301104 -1 0 -0
-0.5 -0.5 -0.5 0.250601 0.699257 -1 0 -0
-0.5 0.5 0.5 0.000601 0.301104 -1 0 -0
